0.906,0.423,0.436
1.813,0.845,0.436
2.719,1.268,0.436
3.625,1.69,0.436
4.532,2.113,0.436
5.438,2.536,0.436
6.344,2.958,0.436
7.25,3.381,0.436
8.157,3.804,0.436
9.063,4.226,0.436
9.969,4.649,0.436
10.876,5.071,0.436
11.782,5.494,0.436
12.688,5.917,0.436
13.595,6.339,0.436
14.501,6.762,0.436
14.501,6.762,0.0
15.501,6.762,0.0
16.501,6.762,0.0
17.501,6.762,0.0
18.501,6.762,0.0
19.501,6.762,0.0
20.501,6.762,0.0
21.501,6.762,0.0
22.501,6.762,0.0
22.501,6.762,-0.436
23.407,6.339,-0.436
24.314,5.917,-0.436
25.22,5.494,-0.436
26.126,5.071,-0.436
26.126,5.071,-0.873
26.769,4.305,-0.873
27.412,3.539,-0.873
27.412,3.539,-1.309
27.671,2.573,-1.309
27.671,2.573,-1.745
27.671,2.573,-1.745

27.671,2.573,-1.309
27.671,2.573,-1.309

27.671,2.573,-1.309
27.93,1.607,-1.309
27.93,1.607,-0.872
28.573,0.841,-0.872
28.573,0.841,-0.872

27.93,1.607,-1.745
27.93,1.607,-1.745

27.412,3.539,-0.873
28.055,2.773,-0.873
28.055,2.773,-1.309
28.055,2.773,-1.309

28.055,2.773,-0.873
28.055,2.773,-0.873

28.055,2.773,-0.873
28.698,2.007,-0.873
28.698,2.007,-0.436
29.604,1.584,-0.436
29.604,1.584,-0.436

28.698,2.007,-1.309
28.698,2.007,-1.309

27.412,3.539,-0.873
28.055,2.773,-0.873
28.698,2.007,-0.873
28.698,2.007,-0.436
29.604,1.584,-0.436
30.51,1.162,-0.436
31.416,0.739,-0.436
31.416,0.739,-0.873
31.416,0.739,-0.873

31.416,0.739,-0.437
31.416,0.739,-0.437

31.416,0.739,-0.437
32.322,0.316,-0.437
32.322,0.316,0.0
33.322,0.316,0.0
33.322,0.316,0.0

32.322,0.316,-0.873
32.322,0.316,-0.873

28.698,2.007,-1.309
28.956,1.041,-1.309
28.956,1.041,-1.746
28.956,1.041,-1.746

28.956,1.041,-1.31
28.956,1.041,-1.31

28.956,1.041,-1.31
29.214,0.075,-1.31
29.214,0.075,-0.873
29.856,-0.692,-0.873
29.856,-0.692,-0.873

29.214,0.075,-1.746
29.214,0.075,-1.746

26.126,5.071,-0.437
27.032,4.648,-0.437
27.938,4.225,-0.437
27.938,4.225,-0.873
28.581,3.459,-0.873
28.581,3.459,-1.309
28.581,3.459,-1.309

28.581,3.459,-0.873
28.581,3.459,-0.873

28.581,3.459,-0.873
29.224,2.693,-0.873
29.224,2.693,-0.436
30.13,2.27,-0.436
30.13,2.27,-0.436

29.224,2.693,-1.309
29.224,2.693,-1.309

27.938,4.225,-0.437
28.844,3.802,-0.437
28.844,3.802,-0.873
28.844,3.802,-0.873

28.844,3.802,-0.437
28.844,3.802,-0.437

28.844,3.802,-0.437
29.75,3.379,-0.437
29.75,3.379,0.0
30.75,3.379,0.0
30.75,3.379,0.0

29.75,3.379,-0.873
29.75,3.379,-0.873

27.938,4.225,-0.437
28.844,3.802,-0.437
29.75,3.379,-0.437
29.75,3.379,0.0
30.75,3.379,0.0
31.75,3.378,0.0
32.75,3.378,0.0
32.75,3.378,-0.437
32.75,3.378,-0.437

32.75,3.378,-0.001
32.75,3.378,-0.001

32.75,3.378,-0.001
33.75,3.377,-0.001
33.75,3.377,0.436
34.657,3.799,0.436
34.657,3.799,0.436

33.75,3.377,-0.437
33.75,3.377,-0.437

29.75,3.379,-0.873
30.392,2.613,-0.873
30.392,2.613,-1.31
30.392,2.613,-1.31

30.392,2.613,-0.874
30.392,2.613,-0.874

30.392,2.613,-0.874
31.034,1.846,-0.874
31.034,1.846,-0.437
31.94,1.423,-0.437
31.94,1.423,-0.437

31.034,1.846,-1.31
31.034,1.846,-1.31

26.126,5.071,-0.437
27.032,4.648,-0.437
27.938,4.225,-0.437
28.844,3.802,-0.437
29.751,3.379,-0.437
29.751,3.379,0.0
30.751,3.379,0.0
31.751,3.379,0.0
32.751,3.378,0.0
33.751,3.378,0.0
34.751,3.378,0.0
35.751,3.377,0.0
35.751,3.377,-0.437
36.657,2.954,-0.437
36.657,2.954,-0.873
36.657,2.954,-0.873

36.657,2.954,-0.437
36.657,2.954,-0.437

36.657,2.954,-0.437
37.563,2.531,-0.437
37.563,2.531,0.0
38.563,2.531,0.0
38.563,2.531,0.0

37.563,2.531,-0.873
37.563,2.531,-0.873

35.751,3.377,-0.001
36.751,3.376,-0.001
36.751,3.376,-0.437
36.751,3.376,-0.437

36.751,3.376,-0.001
36.751,3.376,-0.001

36.751,3.376,-0.001
37.751,3.375,-0.001
37.751,3.375,0.436
38.658,3.797,0.436
38.658,3.797,0.436

37.751,3.375,-0.437
37.751,3.375,-0.437

35.751,3.377,-0.001
36.751,3.376,-0.001
37.751,3.376,-0.001
37.751,3.376,0.436
38.658,3.798,0.436
39.564,4.22,0.436
40.471,4.642,0.436
40.471,4.642,-0.001
40.471,4.642,-0.001

40.471,4.642,0.435
40.471,4.642,0.435

40.471,4.642,0.435
41.378,5.064,0.435
41.378,5.064,0.872
42.021,5.829,0.872
42.021,5.829,0.872

41.378,5.064,-0.001
41.378,5.064,-0.001

37.751,3.376,-0.437
38.657,2.952,-0.437
38.657,2.952,-0.874
38.657,2.952,-0.874

38.657,2.952,-0.438
38.657,2.952,-0.438

38.657,2.952,-0.438
39.563,2.528,-0.438
39.563,2.528,-0.001
40.563,2.527,-0.001
40.563,2.527,-0.001

39.563,2.528,-0.874
39.563,2.528,-0.874

29.751,3.379,-0.873
30.393,2.613,-0.873
31.036,1.846,-0.873
31.036,1.846,-1.31
31.294,0.88,-1.31
31.294,0.88,-1.746
31.294,0.88,-1.746

31.294,0.88,-1.31
31.294,0.88,-1.31

31.294,0.88,-1.31
31.552,-0.086,-1.31
31.552,-0.086,-0.873
32.194,-0.853,-0.873
32.194,-0.853,-0.873

31.552,-0.086,-1.746
31.552,-0.086,-1.746

31.036,1.846,-0.874
31.678,1.079,-0.874
31.678,1.079,-1.31
31.678,1.079,-1.31

31.678,1.079,-0.874
31.678,1.079,-0.874

31.678,1.079,-0.874
32.32,0.312,-0.874
32.32,0.312,-0.437
33.226,-0.111,-0.437
33.226,-0.111,-0.437

32.32,0.312,-1.31
32.32,0.312,-1.31

31.036,1.846,-0.874
31.678,1.079,-0.874
32.32,0.313,-0.874
32.32,0.313,-0.437
33.226,-0.111,-0.437
34.132,-0.534,-0.437
35.038,-0.958,-0.437
35.038,-0.958,-0.874
35.038,-0.958,-0.874

35.038,-0.958,-0.438
35.038,-0.958,-0.438

35.038,-0.958,-0.438
35.944,-1.382,-0.438
35.944,-1.382,-0.001
36.944,-1.383,-0.001
36.944,-1.383,-0.001

35.944,-1.382,-0.874
35.944,-1.382,-0.874

32.32,0.313,-1.31
32.578,-0.653,-1.31
32.578,-0.653,-1.747
32.578,-0.653,-1.747

32.578,-0.653,-1.311
32.578,-0.653,-1.311

32.578,-0.653,-1.311
32.835,-1.619,-1.311
32.835,-1.619,-0.874
33.477,-2.386,-0.874
33.477,-2.386,-0.874

32.835,-1.619,-1.747
32.835,-1.619,-1.747

22.501,6.762,0.0
23.501,6.762,0.0
24.501,6.763,0.0
25.501,6.763,0.0
26.501,6.763,0.0
26.501,6.763,-0.436
27.407,6.341,-0.436
28.314,5.919,-0.436
28.314,5.919,-0.872
28.957,5.153,-0.872
28.957,5.153,-1.309
28.957,5.153,-1.309

28.957,5.153,-0.873
28.957,5.153,-0.873

28.957,5.153,-0.873
29.6,4.387,-0.873
29.6,4.387,-0.436
30.506,3.964,-0.436
30.506,3.964,-0.436

29.6,4.387,-1.309
29.6,4.387,-1.309

28.314,5.919,-0.436
29.221,5.497,-0.436
29.221,5.497,-0.872
29.221,5.497,-0.872

29.221,5.497,-0.436
29.221,5.497,-0.436

29.221,5.497,-0.436
30.128,5.075,-0.436
30.128,5.075,0.001
31.128,5.076,0.001
31.128,5.076,0.001

30.128,5.075,-0.872
30.128,5.075,-0.872

28.314,5.919,-0.436
29.221,5.497,-0.436
30.127,5.075,-0.436
30.127,5.075,0.001
31.127,5.076,0.001
32.127,5.076,0.001
33.127,5.077,0.001
33.127,5.077,-0.436
33.127,5.077,-0.436

33.127,5.077,0.0
33.127,5.077,0.0

33.127,5.077,0.0
34.127,5.077,0.0
34.127,5.077,0.437
35.033,5.5,0.437
35.033,5.5,0.437

34.127,5.077,-0.436
34.127,5.077,-0.436

30.127,5.075,-0.872
30.77,4.309,-0.872
30.77,4.309,-1.309
30.77,4.309,-1.309

30.77,4.309,-0.873
30.77,4.309,-0.873

30.77,4.309,-0.873
31.413,3.543,-0.873
31.413,3.543,-0.436
32.319,3.12,-0.436
32.319,3.12,-0.436

31.413,3.543,-1.309
31.413,3.543,-1.309

26.501,6.763,0.0
27.501,6.763,0.0
28.501,6.764,0.0
28.501,6.764,-0.436
29.407,6.341,-0.436
29.407,6.341,-0.872
29.407,6.341,-0.872

29.407,6.341,-0.436
29.407,6.341,-0.436

29.407,6.341,-0.436
30.314,5.919,-0.436
30.314,5.919,0.001
31.314,5.92,0.001
31.314,5.92,0.001

30.314,5.919,-0.872
30.314,5.919,-0.872

28.501,6.764,0.0
29.501,6.764,0.0
29.501,6.764,-0.436
29.501,6.764,-0.436

29.501,6.764,0.0
29.501,6.764,0.0

29.501,6.764,0.0
30.501,6.764,0.0
30.501,6.764,0.437
31.407,7.187,0.437
31.407,7.187,0.437

30.501,6.764,-0.436
30.501,6.764,-0.436

28.501,6.764,0.0
29.501,6.764,0.0
30.501,6.765,0.0
30.501,6.765,0.437
31.407,7.188,0.437
32.313,7.611,0.437
33.22,8.033,0.437
33.22,8.033,0.0
33.22,8.033,0.0

33.22,8.033,0.436
33.22,8.033,0.436

33.22,8.033,0.436
34.126,8.456,0.436
34.126,8.456,0.873
34.769,9.222,0.873
34.769,9.222,0.873

34.126,8.456,0.0
34.126,8.456,0.0

30.501,6.765,-0.436
31.407,6.342,-0.436
31.407,6.342,-0.873
31.407,6.342,-0.873

31.407,6.342,-0.437
31.407,6.342,-0.437

31.407,6.342,-0.437
32.313,5.919,-0.437
32.313,5.919,0.0
33.313,5.919,0.0
33.313,5.919,0.0

32.313,5.919,-0.873
32.313,5.919,-0.873

26.501,6.763,0.0
27.501,6.763,0.0
28.501,6.764,0.0
29.501,6.764,0.0
30.501,6.764,0.0
30.501,6.764,0.437
31.407,7.187,0.437
32.313,7.61,0.437
33.22,8.033,0.437
34.126,8.456,0.437
35.032,8.879,0.437
35.938,9.302,0.437
35.938,9.302,0.0
36.938,9.302,0.0
36.938,9.302,-0.436
36.938,9.302,-0.436

36.938,9.302,0.0
36.938,9.302,0.0

36.938,9.302,0.0
37.938,9.302,0.0
37.938,9.302,0.437
38.844,9.725,0.437
38.844,9.725,0.437

37.938,9.302,-0.436
37.938,9.302,-0.436

35.938,9.302,0.436
36.844,9.725,0.436
36.844,9.725,0.0
36.844,9.725,0.0

36.844,9.725,0.436
36.844,9.725,0.436

36.844,9.725,0.436
37.75,10.148,0.436
37.75,10.148,0.873
38.393,10.914,0.873
38.393,10.914,0.873

37.75,10.148,0.0
37.75,10.148,0.0

35.938,9.302,0.436
36.844,9.725,0.436
37.751,10.147,0.436
37.751,10.147,0.873
38.393,10.913,0.873
39.036,11.679,0.873
39.679,12.445,0.873
39.679,12.445,0.436
39.679,12.445,0.436

39.679,12.445,0.872
39.679,12.445,0.872

39.679,12.445,0.872
40.322,13.211,0.872
40.322,13.211,1.309
40.581,14.177,1.309
40.581,14.177,1.309

40.322,13.211,0.436
40.322,13.211,0.436

37.751,10.147,0.0
38.751,10.147,0.0
38.751,10.147,-0.437
38.751,10.147,-0.437

38.751,10.147,-0.001
38.751,10.147,-0.001

38.751,10.147,-0.001
39.751,10.146,-0.001
39.751,10.146,0.436
40.658,10.568,0.436
40.658,10.568,0.436

39.751,10.146,-0.437
39.751,10.146,-0.437

30.501,6.764,-0.436
31.407,6.341,-0.436
32.314,5.919,-0.436
32.314,5.919,-0.873
32.956,5.153,-0.873
32.956,5.153,-1.309
32.956,5.153,-1.309

32.956,5.153,-0.873
32.956,5.153,-0.873

32.956,5.153,-0.873
33.599,4.387,-0.873
33.599,4.387,-0.436
34.505,3.964,-0.436
34.505,3.964,-0.436

33.599,4.387,-1.309
33.599,4.387,-1.309

32.314,5.919,-0.437
33.22,5.496,-0.437
33.22,5.496,-0.873
33.22,5.496,-0.873

33.22,5.496,-0.437
33.22,5.496,-0.437

33.22,5.496,-0.437
34.126,5.073,-0.437
34.126,5.073,0.0
35.126,5.073,0.0
35.126,5.073,0.0

34.126,5.073,-0.873
34.126,5.073,-0.873

32.314,5.919,-0.437
33.22,5.496,-0.437
34.126,5.073,-0.437
34.126,5.073,0.0
35.126,5.073,0.0
36.126,5.072,0.0
37.126,5.072,0.0
37.126,5.072,-0.437
37.126,5.072,-0.437

37.126,5.072,-0.001
37.126,5.072,-0.001

37.126,5.072,-0.001
38.126,5.071,-0.001
38.126,5.071,0.436
39.033,5.493,0.436
39.033,5.493,0.436

38.126,5.071,-0.437
38.126,5.071,-0.437

34.126,5.073,-0.873
34.768,4.307,-0.873
34.768,4.307,-1.31
34.768,4.307,-1.31

34.768,4.307,-0.874
34.768,4.307,-0.874

34.768,4.307,-0.874
35.41,3.54,-0.874
35.41,3.54,-0.437
36.316,3.117,-0.437
36.316,3.117,-0.437

35.41,3.54,-1.31
35.41,3.54,-1.31

22.501,6.762,0.0
23.501,6.762,0.0
24.501,6.763,0.0
25.501,6.763,0.0
26.501,6.763,0.0
27.501,6.764,0.0
28.501,6.764,0.0
29.501,6.764,0.0
30.501,6.765,0.0
30.501,6.765,0.437
31.407,7.188,0.437
32.313,7.61,0.437
33.22,8.033,0.437
34.126,8.456,0.437
35.032,8.879,0.437
35.938,9.302,0.437
36.844,9.725,0.437
37.75,10.148,0.437
38.657,10.571,0.437
39.563,10.994,0.437
40.469,11.417,0.437
41.375,11.84,0.437
41.375,11.84,0.0
42.375,11.84,0.0
43.375,11.84,0.0
43.375,11.84,-0.436
44.281,11.418,-0.436
44.281,11.418,-0.872
44.281,11.418,-0.872

44.281,11.418,-0.436
44.281,11.418,-0.436

44.281,11.418,-0.436
45.188,10.996,-0.436
45.188,10.996,0.001
46.188,10.997,0.001
46.188,10.997,0.001

45.188,10.996,-0.872
45.188,10.996,-0.872

43.375,11.84,0.0
44.375,11.84,0.0
44.375,11.84,-0.436
44.375,11.84,-0.436

44.375,11.84,0.0
44.375,11.84,0.0

44.375,11.84,0.0
45.375,11.84,0.0
45.375,11.84,0.437
46.281,12.263,0.437
46.281,12.263,0.437

45.375,11.84,-0.436
45.375,11.84,-0.436

43.375,11.84,0.0
44.375,11.84,0.0
45.375,11.841,0.0
45.375,11.841,0.437
46.281,12.264,0.437
47.187,12.687,0.437
48.094,13.109,0.437
48.094,13.109,0.0
48.094,13.109,0.0

48.094,13.109,0.436
48.094,13.109,0.436

48.094,13.109,0.436
49.0,13.532,0.436
49.0,13.532,0.873
49.643,14.298,0.873
49.643,14.298,0.873

49.0,13.532,0.0
49.0,13.532,0.0

45.375,11.841,-0.436
46.281,11.418,-0.436
46.281,11.418,-0.873
46.281,11.418,-0.873

46.281,11.418,-0.437
46.281,11.418,-0.437

46.281,11.418,-0.437
47.187,10.995,-0.437
47.187,10.995,0.0
48.187,10.995,0.0
48.187,10.995,0.0

47.187,10.995,-0.873
47.187,10.995,-0.873

41.375,11.84,0.436
42.281,12.263,0.436
43.188,12.685,0.436
43.188,12.685,0.0
44.188,12.685,0.0
44.188,12.685,-0.436
44.188,12.685,-0.436

44.188,12.685,0.0
44.188,12.685,0.0

44.188,12.685,0.0
45.188,12.685,0.0
45.188,12.685,0.437
46.094,13.108,0.437
46.094,13.108,0.437

45.188,12.685,-0.436
45.188,12.685,-0.436

43.188,12.685,0.436
44.094,13.108,0.436
44.094,13.108,0.0
44.094,13.108,0.0

44.094,13.108,0.436
44.094,13.108,0.436

44.094,13.108,0.436
45.0,13.531,0.436
45.0,13.531,0.873
45.643,14.297,0.873
45.643,14.297,0.873

45.0,13.531,0.0
45.0,13.531,0.0

43.188,12.685,0.436
44.094,13.108,0.436
45.001,13.53,0.436
45.001,13.53,0.873
45.643,14.296,0.873
46.286,15.062,0.873
46.929,15.828,0.873
46.929,15.828,0.436
46.929,15.828,0.436

46.929,15.828,0.872
46.929,15.828,0.872

46.929,15.828,0.872
47.572,16.594,0.872
47.572,16.594,1.309
47.831,17.56,1.309
47.831,17.56,1.309

47.572,16.594,0.436
47.572,16.594,0.436

45.001,13.53,0.0
46.001,13.53,0.0
46.001,13.53,-0.437
46.001,13.53,-0.437

46.001,13.53,-0.001
46.001,13.53,-0.001

46.001,13.53,-0.001
47.001,13.529,-0.001
47.001,13.529,0.436
47.908,13.951,0.436
47.908,13.951,0.436

47.001,13.529,-0.437
47.001,13.529,-0.437

41.375,11.84,0.436
42.281,12.263,0.436
43.188,12.685,0.436
44.094,13.108,0.436
45.0,13.53,0.436
45.0,13.53,0.873
45.643,14.297,0.873
46.286,15.063,0.873
46.929,15.829,0.873
47.571,16.595,0.873
48.214,17.361,0.873
48.857,18.127,0.873
48.857,18.127,0.436
49.763,18.549,0.436
49.763,18.549,0.0
49.763,18.549,0.0

49.763,18.549,0.436
49.763,18.549,0.436

49.763,18.549,0.436
50.669,18.972,0.436
50.669,18.972,0.873
51.312,19.738,0.873
51.312,19.738,0.873

50.669,18.972,0.0
50.669,18.972,0.0

48.857,18.127,0.872
49.5,18.893,0.872
49.5,18.893,0.436
49.5,18.893,0.436

49.5,18.893,0.872
49.5,18.893,0.872

49.5,18.893,0.872
50.143,19.659,0.872
50.143,19.659,1.309
50.402,20.625,1.309
50.402,20.625,1.309

50.143,19.659,0.436
50.143,19.659,0.436

48.857,18.127,0.872
49.5,18.893,0.872
50.143,19.659,0.872
50.143,19.659,1.309
50.402,20.625,1.309
50.661,21.59,1.309
50.921,22.556,1.309
50.921,22.556,0.872
50.921,22.556,0.872

50.921,22.556,1.308
50.921,22.556,1.308

50.921,22.556,1.308
51.18,23.522,1.308
51.18,23.522,1.745
51.007,24.507,1.745
51.007,24.507,1.745

51.18,23.522,0.872
51.18,23.522,0.872

50.143,19.659,0.436
51.05,20.081,0.436
51.05,20.081,-0.001
51.05,20.081,-0.001

51.05,20.081,0.435
51.05,20.081,0.435

51.05,20.081,0.435
51.957,20.503,0.435
51.957,20.503,0.872
52.6,21.268,0.872
52.6,21.268,0.872

51.957,20.503,-0.001
51.957,20.503,-0.001

45.0,13.53,0.0
46.0,13.53,0.0
47.0,13.529,0.0
47.0,13.529,-0.437
47.906,13.106,-0.437
47.906,13.106,-0.873
47.906,13.106,-0.873

47.906,13.106,-0.437
47.906,13.106,-0.437

47.906,13.106,-0.437
48.812,12.683,-0.437
48.812,12.683,0.0
49.812,12.683,0.0
49.812,12.683,0.0

48.812,12.683,-0.873
48.812,12.683,-0.873

47.0,13.529,-0.001
48.0,13.528,-0.001
48.0,13.528,-0.437
48.0,13.528,-0.437

48.0,13.528,-0.001
48.0,13.528,-0.001

48.0,13.528,-0.001
49.0,13.527,-0.001
49.0,13.527,0.436
49.907,13.949,0.436
49.907,13.949,0.436

49.0,13.527,-0.437
49.0,13.527,-0.437

47.0,13.529,-0.001
48.0,13.528,-0.001
49.0,13.528,-0.001
49.0,13.528,0.436
49.907,13.95,0.436
50.813,14.372,0.436
51.72,14.794,0.436
51.72,14.794,-0.001
51.72,14.794,-0.001

51.72,14.794,0.435
51.72,14.794,0.435

51.72,14.794,0.435
52.627,15.216,0.435
52.627,15.216,0.872
53.27,15.981,0.872
53.27,15.981,0.872

52.627,15.216,-0.001
52.627,15.216,-0.001

49.0,13.528,-0.437
49.906,13.104,-0.437
49.906,13.104,-0.874
49.906,13.104,-0.874

49.906,13.104,-0.438
49.906,13.104,-0.438

49.906,13.104,-0.438
50.812,12.68,-0.438
50.812,12.68,-0.001
51.812,12.679,-0.001
51.812,12.679,-0.001

50.812,12.68,-0.874
50.812,12.68,-0.874

30.501,6.765,-0.436
31.407,6.342,-0.436
32.314,5.92,-0.436
33.22,5.497,-0.436
34.126,5.075,-0.436
34.126,5.075,-0.873
34.769,4.308,-0.873
35.412,3.542,-0.873
35.412,3.542,-1.309
35.671,2.577,-1.309
35.671,2.577,-1.745
35.671,2.577,-1.745

35.671,2.577,-1.309
35.671,2.577,-1.309

35.671,2.577,-1.309
35.93,1.611,-1.309
35.93,1.611,-0.872
36.573,0.845,-0.872
36.573,0.845,-0.872

35.93,1.611,-1.745
35.93,1.611,-1.745

35.412,3.542,-0.873
36.055,2.776,-0.873
36.055,2.776,-1.309
36.055,2.776,-1.309

36.055,2.776,-0.873
36.055,2.776,-0.873

36.055,2.776,-0.873
36.698,2.01,-0.873
36.698,2.01,-0.436
37.604,1.587,-0.436
37.604,1.587,-0.436

36.698,2.01,-1.309
36.698,2.01,-1.309

35.412,3.542,-0.873
36.055,2.776,-0.873
36.698,2.01,-0.873
36.698,2.01,-0.436
37.604,1.587,-0.436
38.51,1.165,-0.436
39.416,0.742,-0.436
39.416,0.742,-0.873
39.416,0.742,-0.873

39.416,0.742,-0.437
39.416,0.742,-0.437

39.416,0.742,-0.437
40.322,0.319,-0.437
40.322,0.319,0.0
41.322,0.319,0.0
41.322,0.319,0.0

40.322,0.319,-0.873
40.322,0.319,-0.873

36.698,2.01,-1.309
36.956,1.044,-1.309
36.956,1.044,-1.746
36.956,1.044,-1.746

36.956,1.044,-1.31
36.956,1.044,-1.31

36.956,1.044,-1.31
37.214,0.078,-1.31
37.214,0.078,-0.873
37.856,-0.689,-0.873
37.856,-0.689,-0.873

37.214,0.078,-1.746
37.214,0.078,-1.746

34.126,5.075,-0.437
35.032,4.652,-0.437
35.938,4.229,-0.437
35.938,4.229,-0.873
36.581,3.463,-0.873
36.581,3.463,-1.309
36.581,3.463,-1.309

36.581,3.463,-0.873
36.581,3.463,-0.873

36.581,3.463,-0.873
37.224,2.697,-0.873
37.224,2.697,-0.436
38.13,2.274,-0.436
38.13,2.274,-0.436

37.224,2.697,-1.309
37.224,2.697,-1.309

35.938,4.229,-0.437
36.844,3.806,-0.437
36.844,3.806,-0.873
36.844,3.806,-0.873

36.844,3.806,-0.437
36.844,3.806,-0.437

36.844,3.806,-0.437
37.75,3.383,-0.437
37.75,3.383,0.0
38.75,3.383,0.0
38.75,3.383,0.0

37.75,3.383,-0.873
37.75,3.383,-0.873

35.938,4.229,-0.437
36.844,3.806,-0.437
37.75,3.383,-0.437
37.75,3.383,0.0
38.75,3.383,0.0
39.75,3.382,0.0
40.75,3.382,0.0
40.75,3.382,-0.437
40.75,3.382,-0.437

40.75,3.382,-0.001
40.75,3.382,-0.001

40.75,3.382,-0.001
41.75,3.381,-0.001
41.75,3.381,0.436
42.657,3.803,0.436
42.657,3.803,0.436

41.75,3.381,-0.437
41.75,3.381,-0.437

37.75,3.383,-0.873
38.392,2.617,-0.873
38.392,2.617,-1.31
38.392,2.617,-1.31

38.392,2.617,-0.874
38.392,2.617,-0.874

38.392,2.617,-0.874
39.034,1.85,-0.874
39.034,1.85,-0.437
39.94,1.427,-0.437
39.94,1.427,-0.437

39.034,1.85,-1.31
39.034,1.85,-1.31

34.126,5.075,-0.437
35.032,4.652,-0.437
35.938,4.229,-0.437
36.844,3.806,-0.437
37.751,3.383,-0.437
37.751,3.383,0.0
38.751,3.383,0.0
39.751,3.383,0.0
40.751,3.382,0.0
41.751,3.382,0.0
42.751,3.382,0.0
43.751,3.381,0.0
43.751,3.381,-0.437
44.657,2.958,-0.437
44.657,2.958,-0.873
44.657,2.958,-0.873

44.657,2.958,-0.437
44.657,2.958,-0.437

44.657,2.958,-0.437
45.563,2.535,-0.437
45.563,2.535,0.0
46.563,2.535,0.0
46.563,2.535,0.0

45.563,2.535,-0.873
45.563,2.535,-0.873

43.751,3.381,-0.001
44.751,3.38,-0.001
44.751,3.38,-0.437
44.751,3.38,-0.437

44.751,3.38,-0.001
44.751,3.38,-0.001

44.751,3.38,-0.001
45.751,3.379,-0.001
45.751,3.379,0.436
46.658,3.801,0.436
46.658,3.801,0.436

45.751,3.379,-0.437
45.751,3.379,-0.437

43.751,3.381,-0.001
44.751,3.38,-0.001
45.751,3.38,-0.001
45.751,3.38,0.436
46.658,3.802,0.436
47.564,4.224,0.436
48.471,4.646,0.436
48.471,4.646,-0.001
48.471,4.646,-0.001

48.471,4.646,0.435
48.471,4.646,0.435

48.471,4.646,0.435
49.378,5.068,0.435
49.378,5.068,0.872
50.021,5.833,0.872
50.021,5.833,0.872

49.378,5.068,-0.001
49.378,5.068,-0.001

45.751,3.38,-0.437
46.657,2.956,-0.437
46.657,2.956,-0.874
46.657,2.956,-0.874

46.657,2.956,-0.438
46.657,2.956,-0.438

46.657,2.956,-0.438
47.563,2.532,-0.438
47.563,2.532,-0.001
48.563,2.531,-0.001
48.563,2.531,-0.001

47.563,2.532,-0.874
47.563,2.532,-0.874

37.751,3.383,-0.873
38.393,2.617,-0.873
39.036,1.85,-0.873
39.036,1.85,-1.31
39.294,0.884,-1.31
39.294,0.884,-1.746
39.294,0.884,-1.746

39.294,0.884,-1.31
39.294,0.884,-1.31

39.294,0.884,-1.31
39.552,-0.082,-1.31
39.552,-0.082,-0.873
40.194,-0.849,-0.873
40.194,-0.849,-0.873

39.552,-0.082,-1.746
39.552,-0.082,-1.746

39.036,1.85,-0.874
39.678,1.083,-0.874
39.678,1.083,-1.31
39.678,1.083,-1.31

39.678,1.083,-0.874
39.678,1.083,-0.874

39.678,1.083,-0.874
40.32,0.316,-0.874
40.32,0.316,-0.437
41.226,-0.107,-0.437
41.226,-0.107,-0.437

40.32,0.316,-1.31
40.32,0.316,-1.31

39.036,1.85,-0.874
39.678,1.083,-0.874
40.32,0.317,-0.874
40.32,0.317,-0.437
41.226,-0.107,-0.437
42.132,-0.53,-0.437
43.038,-0.954,-0.437
43.038,-0.954,-0.874
43.038,-0.954,-0.874

43.038,-0.954,-0.438
43.038,-0.954,-0.438

43.038,-0.954,-0.438
43.944,-1.378,-0.438
43.944,-1.378,-0.001
44.944,-1.379,-0.001
44.944,-1.379,-0.001

43.944,-1.378,-0.874
43.944,-1.378,-0.874

40.32,0.317,-1.31
40.578,-0.649,-1.31
40.578,-0.649,-1.747
40.578,-0.649,-1.747

40.578,-0.649,-1.311
40.578,-0.649,-1.311

40.578,-0.649,-1.311
40.835,-1.615,-1.311
40.835,-1.615,-0.874
41.477,-2.382,-0.874
41.477,-2.382,-0.874

40.835,-1.615,-1.747
40.835,-1.615,-1.747

14.501,6.762,0.436
15.407,7.185,0.436
16.314,7.607,0.436
17.22,8.03,0.436
18.126,8.452,0.436
19.033,8.875,0.436
19.939,9.298,0.436
20.845,9.72,0.436
21.751,10.143,0.436
21.751,10.143,0.0
22.751,10.143,0.0
23.751,10.143,0.0
24.751,10.143,0.0
25.751,10.143,0.0
25.751,10.143,-0.436
26.658,9.72,-0.436
27.564,9.298,-0.436
27.564,9.298,-0.873
28.207,8.532,-0.873
28.207,8.532,-1.309
28.207,8.532,-1.309

28.207,8.532,-0.873
28.207,8.532,-0.873

28.207,8.532,-0.873
28.85,7.766,-0.873
28.85,7.766,-0.436
29.756,7.343,-0.436
29.756,7.343,-0.436

28.85,7.766,-1.309
28.85,7.766,-1.309

27.564,9.298,-0.437
28.47,8.875,-0.437
28.47,8.875,-0.873
28.47,8.875,-0.873

28.47,8.875,-0.437
28.47,8.875,-0.437

28.47,8.875,-0.437
29.376,8.452,-0.437
29.376,8.452,0.0
30.376,8.452,0.0
30.376,8.452,0.0

29.376,8.452,-0.873
29.376,8.452,-0.873

27.564,9.298,-0.437
28.47,8.875,-0.437
29.376,8.452,-0.437
29.376,8.452,0.0
30.376,8.452,0.0
31.376,8.451,0.0
32.376,8.451,0.0
32.376,8.451,-0.437
32.376,8.451,-0.437

32.376,8.451,-0.001
32.376,8.451,-0.001

32.376,8.451,-0.001
33.376,8.45,-0.001
33.376,8.45,0.436
34.283,8.872,0.436
34.283,8.872,0.436

33.376,8.45,-0.437
33.376,8.45,-0.437

29.376,8.452,-0.873
30.018,7.686,-0.873
30.018,7.686,-1.31
30.018,7.686,-1.31

30.018,7.686,-0.874
30.018,7.686,-0.874

30.018,7.686,-0.874
30.66,6.919,-0.874
30.66,6.919,-0.437
31.566,6.496,-0.437
31.566,6.496,-0.437

30.66,6.919,-1.31
30.66,6.919,-1.31

25.751,10.143,0.0
26.751,10.143,0.0
27.751,10.144,0.0
27.751,10.144,-0.436
28.657,9.721,-0.436
28.657,9.721,-0.872
28.657,9.721,-0.872

28.657,9.721,-0.436
28.657,9.721,-0.436

28.657,9.721,-0.436
29.564,9.299,-0.436
29.564,9.299,0.001
30.564,9.3,0.001
30.564,9.3,0.001

29.564,9.299,-0.872
29.564,9.299,-0.872

27.751,10.144,0.0
28.751,10.144,0.0
28.751,10.144,-0.436
28.751,10.144,-0.436

28.751,10.144,0.0
28.751,10.144,0.0

28.751,10.144,0.0
29.751,10.144,0.0
29.751,10.144,0.437
30.657,10.567,0.437
30.657,10.567,0.437

29.751,10.144,-0.436
29.751,10.144,-0.436

27.751,10.144,0.0
28.751,10.144,0.0
29.751,10.145,0.0
29.751,10.145,0.437
30.657,10.568,0.437
31.563,10.991,0.437
32.47,11.413,0.437
32.47,11.413,0.0
32.47,11.413,0.0

32.47,11.413,0.436
32.47,11.413,0.436

32.47,11.413,0.436
33.376,11.836,0.436
33.376,11.836,0.873
34.019,12.602,0.873
34.019,12.602,0.873

33.376,11.836,0.0
33.376,11.836,0.0

29.751,10.145,-0.436
30.657,9.722,-0.436
30.657,9.722,-0.873
30.657,9.722,-0.873

30.657,9.722,-0.437
30.657,9.722,-0.437

30.657,9.722,-0.437
31.563,9.299,-0.437
31.563,9.299,0.0
32.563,9.299,0.0
32.563,9.299,0.0

31.563,9.299,-0.873
31.563,9.299,-0.873

25.751,10.143,0.0
26.751,10.143,0.0
27.751,10.144,0.0
28.751,10.144,0.0
29.751,10.144,0.0
29.751,10.144,0.437
30.657,10.567,0.437
31.563,10.99,0.437
32.47,11.413,0.437
33.376,11.836,0.437
34.282,12.259,0.437
35.188,12.682,0.437
35.188,12.682,0.0
36.188,12.682,0.0
36.188,12.682,-0.436
36.188,12.682,-0.436

36.188,12.682,0.0
36.188,12.682,0.0

36.188,12.682,0.0
37.188,12.682,0.0
37.188,12.682,0.437
38.094,13.105,0.437
38.094,13.105,0.437

37.188,12.682,-0.436
37.188,12.682,-0.436

35.188,12.682,0.436
36.094,13.105,0.436
36.094,13.105,0.0
36.094,13.105,0.0

36.094,13.105,0.436
36.094,13.105,0.436

36.094,13.105,0.436
37.0,13.528,0.436
37.0,13.528,0.873
37.643,14.294,0.873
37.643,14.294,0.873

37.0,13.528,0.0
37.0,13.528,0.0

35.188,12.682,0.436
36.094,13.105,0.436
37.001,13.527,0.436
37.001,13.527,0.873
37.643,14.293,0.873
38.286,15.059,0.873
38.929,15.825,0.873
38.929,15.825,0.436
38.929,15.825,0.436

38.929,15.825,0.872
38.929,15.825,0.872

38.929,15.825,0.872
39.572,16.591,0.872
39.572,16.591,1.309
39.831,17.557,1.309
39.831,17.557,1.309

39.572,16.591,0.436
39.572,16.591,0.436

37.001,13.527,0.0
38.001,13.527,0.0
38.001,13.527,-0.437
38.001,13.527,-0.437

38.001,13.527,-0.001
38.001,13.527,-0.001

38.001,13.527,-0.001
39.001,13.526,-0.001
39.001,13.526,0.436
39.908,13.948,0.436
39.908,13.948,0.436

39.001,13.526,-0.437
39.001,13.526,-0.437

29.751,10.144,-0.436
30.657,9.721,-0.436
31.564,9.299,-0.436
31.564,9.299,-0.873
32.206,8.533,-0.873
32.206,8.533,-1.309
32.206,8.533,-1.309

32.206,8.533,-0.873
32.206,8.533,-0.873

32.206,8.533,-0.873
32.849,7.767,-0.873
32.849,7.767,-0.436
33.755,7.344,-0.436
33.755,7.344,-0.436

32.849,7.767,-1.309
32.849,7.767,-1.309

31.564,9.299,-0.437
32.47,8.876,-0.437
32.47,8.876,-0.873
32.47,8.876,-0.873

32.47,8.876,-0.437
32.47,8.876,-0.437

32.47,8.876,-0.437
33.376,8.453,-0.437
33.376,8.453,0.0
34.376,8.453,0.0
34.376,8.453,0.0

33.376,8.453,-0.873
33.376,8.453,-0.873

31.564,9.299,-0.437
32.47,8.876,-0.437
33.376,8.453,-0.437
33.376,8.453,0.0
34.376,8.453,0.0
35.376,8.452,0.0
36.376,8.452,0.0
36.376,8.452,-0.437
36.376,8.452,-0.437

36.376,8.452,-0.001
36.376,8.452,-0.001

36.376,8.452,-0.001
37.376,8.451,-0.001
37.376,8.451,0.436
38.283,8.873,0.436
38.283,8.873,0.436

37.376,8.451,-0.437
37.376,8.451,-0.437

33.376,8.453,-0.873
34.018,7.687,-0.873
34.018,7.687,-1.31
34.018,7.687,-1.31

34.018,7.687,-0.874
34.018,7.687,-0.874

34.018,7.687,-0.874
34.66,6.92,-0.874
34.66,6.92,-0.437
35.566,6.497,-0.437
35.566,6.497,-0.437

34.66,6.92,-1.31
34.66,6.92,-1.31

21.751,10.143,0.436
22.657,10.566,0.436
23.564,10.988,0.436
24.47,11.411,0.436
25.376,11.833,0.436
25.376,11.833,0.0
26.376,11.833,0.0
27.376,11.833,0.0
27.376,11.833,-0.436
28.283,11.411,-0.436
28.283,11.411,-0.873
28.283,11.411,-0.873

28.283,11.411,-0.437
28.283,11.411,-0.437

28.283,11.411,-0.437
29.189,10.988,-0.437
29.189,10.988,0.0
30.189,10.988,0.0
30.189,10.988,0.0

29.189,10.988,-0.873
29.189,10.988,-0.873

27.376,11.833,0.0
28.376,11.833,0.0
28.376,11.833,-0.436
28.376,11.833,-0.436

28.376,11.833,0.0
28.376,11.833,0.0

28.376,11.833,0.0
29.376,11.833,0.0
29.376,11.833,0.437
30.282,12.256,0.437
30.282,12.256,0.437

29.376,11.833,-0.436
29.376,11.833,-0.436

27.376,11.833,0.0
28.376,11.833,0.0
29.376,11.834,0.0
29.376,11.834,0.437
30.282,12.257,0.437
31.188,12.68,0.437
32.095,13.102,0.437
32.095,13.102,0.0
32.095,13.102,0.0

32.095,13.102,0.436
32.095,13.102,0.436

32.095,13.102,0.436
33.001,13.525,0.436
33.001,13.525,0.873
33.644,14.291,0.873
33.644,14.291,0.873

33.001,13.525,0.0
33.001,13.525,0.0

29.376,11.834,-0.436
30.282,11.411,-0.436
30.282,11.411,-0.873
30.282,11.411,-0.873

30.282,11.411,-0.437
30.282,11.411,-0.437

30.282,11.411,-0.437
31.188,10.988,-0.437
31.188,10.988,0.0
32.188,10.988,0.0
32.188,10.988,0.0

31.188,10.988,-0.873
31.188,10.988,-0.873

25.376,11.833,0.436
26.282,12.256,0.436
27.189,12.678,0.436
27.189,12.678,0.0
28.189,12.678,0.0
28.189,12.678,-0.436
28.189,12.678,-0.436

28.189,12.678,0.0
28.189,12.678,0.0

28.189,12.678,0.0
29.189,12.678,0.0
29.189,12.678,0.437
30.095,13.101,0.437
30.095,13.101,0.437

29.189,12.678,-0.436
29.189,12.678,-0.436

27.189,12.678,0.436
28.095,13.101,0.436
28.095,13.101,0.0
28.095,13.101,0.0

28.095,13.101,0.436
28.095,13.101,0.436

28.095,13.101,0.436
29.001,13.524,0.436
29.001,13.524,0.873
29.644,14.29,0.873
29.644,14.29,0.873

29.001,13.524,0.0
29.001,13.524,0.0

27.189,12.678,0.436
28.095,13.101,0.436
29.002,13.523,0.436
29.002,13.523,0.873
29.644,14.289,0.873
30.287,15.055,0.873
30.93,15.821,0.873
30.93,15.821,0.436
30.93,15.821,0.436

30.93,15.821,0.872
30.93,15.821,0.872

30.93,15.821,0.872
31.573,16.587,0.872
31.573,16.587,1.309
31.832,17.553,1.309
31.832,17.553,1.309

31.573,16.587,0.436
31.573,16.587,0.436

29.002,13.523,0.0
30.002,13.523,0.0
30.002,13.523,-0.437
30.002,13.523,-0.437

30.002,13.523,-0.001
30.002,13.523,-0.001

30.002,13.523,-0.001
31.002,13.522,-0.001
31.002,13.522,0.436
31.909,13.944,0.436
31.909,13.944,0.436

31.002,13.522,-0.437
31.002,13.522,-0.437

25.376,11.833,0.436
26.282,12.256,0.436
27.189,12.678,0.436
28.095,13.101,0.436
29.001,13.523,0.436
29.001,13.523,0.873
29.644,14.29,0.873
30.287,15.056,0.873
30.93,15.822,0.873
31.572,16.588,0.873
32.215,17.354,0.873
32.858,18.12,0.873
32.858,18.12,0.436
33.764,18.542,0.436
33.764,18.542,0.0
33.764,18.542,0.0

33.764,18.542,0.436
33.764,18.542,0.436

33.764,18.542,0.436
34.67,18.965,0.436
34.67,18.965,0.873
35.313,19.731,0.873
35.313,19.731,0.873

34.67,18.965,0.0
34.67,18.965,0.0

32.858,18.12,0.872
33.501,18.886,0.872
33.501,18.886,0.436
33.501,18.886,0.436

33.501,18.886,0.872
33.501,18.886,0.872

33.501,18.886,0.872
34.144,19.652,0.872
34.144,19.652,1.309
34.403,20.618,1.309
34.403,20.618,1.309

34.144,19.652,0.436
34.144,19.652,0.436

32.858,18.12,0.872
33.501,18.886,0.872
34.144,19.652,0.872
34.144,19.652,1.309
34.403,20.618,1.309
34.662,21.583,1.309
34.922,22.549,1.309
34.922,22.549,0.872
34.922,22.549,0.872

34.922,22.549,1.308
34.922,22.549,1.308

34.922,22.549,1.308
35.181,23.515,1.308
35.181,23.515,1.745
35.008,24.5,1.745
35.008,24.5,1.745

35.181,23.515,0.872
35.181,23.515,0.872

34.144,19.652,0.436
35.051,20.074,0.436
35.051,20.074,-0.001
35.051,20.074,-0.001

35.051,20.074,0.435
35.051,20.074,0.435

35.051,20.074,0.435
35.958,20.496,0.435
35.958,20.496,0.872
36.601,21.261,0.872
36.601,21.261,0.872

35.958,20.496,-0.001
35.958,20.496,-0.001

29.001,13.523,0.0
30.001,13.523,0.0
31.001,13.522,0.0
31.001,13.522,-0.437
31.907,13.099,-0.437
31.907,13.099,-0.873
31.907,13.099,-0.873

31.907,13.099,-0.437
31.907,13.099,-0.437

31.907,13.099,-0.437
32.813,12.676,-0.437
32.813,12.676,0.0
33.813,12.676,0.0
33.813,12.676,0.0

32.813,12.676,-0.873
32.813,12.676,-0.873

31.001,13.522,-0.001
32.001,13.521,-0.001
32.001,13.521,-0.437
32.001,13.521,-0.437

32.001,13.521,-0.001
32.001,13.521,-0.001

32.001,13.521,-0.001
33.001,13.52,-0.001
33.001,13.52,0.436
33.908,13.942,0.436
33.908,13.942,0.436

33.001,13.52,-0.437
33.001,13.52,-0.437

31.001,13.522,-0.001
32.001,13.521,-0.001
33.001,13.521,-0.001
33.001,13.521,0.436
33.908,13.943,0.436
34.814,14.365,0.436
35.721,14.787,0.436
35.721,14.787,-0.001
35.721,14.787,-0.001

35.721,14.787,0.435
35.721,14.787,0.435

35.721,14.787,0.435
36.628,15.209,0.435
36.628,15.209,0.872
37.271,15.974,0.872
37.271,15.974,0.872

36.628,15.209,-0.001
36.628,15.209,-0.001

33.001,13.521,-0.437
33.907,13.097,-0.437
33.907,13.097,-0.874
33.907,13.097,-0.874

33.907,13.097,-0.438
33.907,13.097,-0.438

33.907,13.097,-0.438
34.813,12.673,-0.438
34.813,12.673,-0.001
35.813,12.672,-0.001
35.813,12.672,-0.001

34.813,12.673,-0.874
34.813,12.673,-0.874

21.751,10.143,0.436
22.657,10.566,0.436
23.564,10.988,0.436
24.47,11.411,0.436
25.376,11.833,0.436
26.283,12.256,0.436
27.189,12.679,0.436
28.095,13.101,0.436
29.001,13.524,0.436
29.001,13.524,0.873
29.644,14.29,0.873
30.287,15.056,0.873
30.93,15.822,0.873
31.573,16.588,0.873
32.215,17.354,0.873
32.858,18.12,0.873
33.501,18.886,0.873
34.144,19.652,0.873
34.787,20.418,0.873
35.429,21.184,0.873
36.072,21.95,0.873
36.715,22.716,0.873
36.715,22.716,0.436
37.621,23.139,0.436
38.528,23.562,0.436
38.528,23.562,0.0
39.528,23.562,0.0
39.528,23.562,-0.436
39.528,23.562,-0.436

39.528,23.562,0.0
39.528,23.562,0.0

39.528,23.562,0.0
40.528,23.562,0.0
40.528,23.562,0.437
41.434,23.985,0.437
41.434,23.985,0.437

40.528,23.562,-0.436
40.528,23.562,-0.436

38.528,23.562,0.436
39.434,23.985,0.436
39.434,23.985,0.0
39.434,23.985,0.0

39.434,23.985,0.436
39.434,23.985,0.436

39.434,23.985,0.436
40.34,24.408,0.436
40.34,24.408,0.873
40.983,25.174,0.873
40.983,25.174,0.873

40.34,24.408,0.0
40.34,24.408,0.0

38.528,23.562,0.436
39.434,23.985,0.436
40.341,24.407,0.436
40.341,24.407,0.873
40.983,25.173,0.873
41.626,25.939,0.873
42.269,26.705,0.873
42.269,26.705,0.436
42.269,26.705,0.436

42.269,26.705,0.872
42.269,26.705,0.872

42.269,26.705,0.872
42.912,27.471,0.872
42.912,27.471,1.309
43.171,28.437,1.309
43.171,28.437,1.309

42.912,27.471,0.436
42.912,27.471,0.436

40.341,24.407,0.0
41.341,24.407,0.0
41.341,24.407,-0.437
41.341,24.407,-0.437

41.341,24.407,-0.001
41.341,24.407,-0.001

41.341,24.407,-0.001
42.341,24.406,-0.001
42.341,24.406,0.436
43.248,24.828,0.436
43.248,24.828,0.436

42.341,24.406,-0.437
42.341,24.406,-0.437

36.715,22.716,0.872
37.358,23.482,0.872
38.001,24.248,0.872
38.001,24.248,0.436
38.908,24.67,0.436
38.908,24.67,0.0
38.908,24.67,0.0

38.908,24.67,0.436
38.908,24.67,0.436

38.908,24.67,0.436
39.814,25.093,0.436
39.814,25.093,0.873
40.457,25.859,0.873
40.457,25.859,0.873

39.814,25.093,0.0
39.814,25.093,0.0

38.001,24.248,0.872
38.644,25.014,0.872
38.644,25.014,0.436
38.644,25.014,0.436

38.644,25.014,0.872
38.644,25.014,0.872

38.644,25.014,0.872
39.287,25.78,0.872
39.287,25.78,1.309
39.546,26.746,1.309
39.546,26.746,1.309

39.287,25.78,0.436
39.287,25.78,0.436

38.001,24.248,0.872
38.644,25.014,0.872
39.287,25.78,0.872
39.287,25.78,1.309
39.546,26.746,1.309
39.805,27.711,1.309
40.065,28.677,1.309
40.065,28.677,0.872
40.065,28.677,0.872

40.065,28.677,1.308
40.065,28.677,1.308

40.065,28.677,1.308
40.324,29.643,1.308
40.324,29.643,1.745
40.151,30.628,1.745
40.151,30.628,1.745

40.324,29.643,0.872
40.324,29.643,0.872

39.287,25.78,0.436
40.194,26.202,0.436
40.194,26.202,-0.001
40.194,26.202,-0.001

40.194,26.202,0.435
40.194,26.202,0.435

40.194,26.202,0.435
41.101,26.624,0.435
41.101,26.624,0.872
41.744,27.389,0.872
41.744,27.389,0.872

41.101,26.624,-0.001
41.101,26.624,-0.001

36.715,22.716,0.872
37.358,23.482,0.872
38.001,24.248,0.872
38.644,25.013,0.872
39.287,25.779,0.872
39.287,25.779,1.309
39.546,26.745,1.309
39.805,27.711,1.309
40.065,28.677,1.309
40.324,29.643,1.309
40.583,30.609,1.309
40.842,31.574,1.309
40.842,31.574,0.872
41.485,32.34,0.872
41.485,32.34,0.436
41.485,32.34,0.436

41.485,32.34,0.872
41.485,32.34,0.872

41.485,32.34,0.872
42.128,33.106,0.872
42.128,33.106,1.309
42.387,34.072,1.309
42.387,34.072,1.309

42.128,33.106,0.436
42.128,33.106,0.436

40.842,31.574,1.308
41.101,32.54,1.308
41.101,32.54,0.872
41.101,32.54,0.872

41.101,32.54,1.308
41.101,32.54,1.308

41.101,32.54,1.308
41.36,33.506,1.308
41.36,33.506,1.745
41.187,34.491,1.745
41.187,34.491,1.745

41.36,33.506,0.872
41.36,33.506,0.872

40.842,31.574,1.308
41.101,32.54,1.308
41.361,33.506,1.308
41.361,33.506,1.745
41.188,34.49,1.745
41.015,35.475,1.745
40.842,36.46,1.745
40.842,36.46,1.308
40.842,36.46,1.308

40.842,36.46,1.744
40.842,36.46,1.744

40.842,36.46,1.744
40.669,37.445,1.744
40.669,37.445,2.181
40.097,38.265,2.181
40.097,38.265,2.181

40.669,37.445,1.308
40.669,37.445,1.308

41.361,33.506,0.872
42.005,34.271,0.872
42.005,34.271,0.435
42.005,34.271,0.435

42.005,34.271,0.871
42.005,34.271,0.871

42.005,34.271,0.871
42.649,35.036,0.871
42.649,35.036,1.308
42.909,36.002,1.308
42.909,36.002,1.308

42.649,35.036,0.435
42.649,35.036,0.435

39.287,25.779,0.436
40.194,26.201,0.436
41.1,26.623,0.436
41.1,26.623,-0.001
42.1,26.622,-0.001
42.1,26.622,-0.437
42.1,26.622,-0.437

42.1,26.622,-0.001
42.1,26.622,-0.001

42.1,26.622,-0.001
43.1,26.621,-0.001
43.1,26.621,0.436
44.007,27.043,0.436
44.007,27.043,0.436

43.1,26.621,-0.437
43.1,26.621,-0.437

41.1,26.623,0.435
42.007,27.045,0.435
42.007,27.045,-0.001
42.007,27.045,-0.001

42.007,27.045,0.435
42.007,27.045,0.435

42.007,27.045,0.435
42.914,27.467,0.435
42.914,27.467,0.872
43.557,28.232,0.872
43.557,28.232,0.872

42.914,27.467,-0.001
42.914,27.467,-0.001

41.1,26.623,0.435
42.007,27.045,0.435
42.913,27.466,0.435
42.913,27.466,0.872
43.557,28.232,0.872
44.201,28.997,0.872
44.844,29.763,0.872
44.844,29.763,0.435
44.844,29.763,0.435

44.844,29.763,0.871
44.844,29.763,0.871

44.844,29.763,0.871
45.488,30.528,0.871
45.488,30.528,1.308
45.748,31.494,1.308
45.748,31.494,1.308

45.488,30.528,0.435
45.488,30.528,0.435

42.913,27.466,-0.001
43.913,27.465,-0.001
43.913,27.465,-0.438
43.913,27.465,-0.438

43.913,27.465,-0.002
43.913,27.465,-0.002

43.913,27.465,-0.002
44.913,27.463,-0.002
44.913,27.463,0.435
45.82,27.884,0.435
45.82,27.884,0.435

44.913,27.463,-0.438
44.913,27.463,-0.438

29.001,13.524,0.0
30.001,13.524,0.0
31.001,13.523,0.0
32.001,13.523,0.0
33.001,13.523,0.0
33.001,13.523,-0.437
33.907,13.1,-0.437
34.813,12.677,-0.437
34.813,12.677,-0.873
35.456,11.911,-0.873
35.456,11.911,-1.309
35.456,11.911,-1.309

35.456,11.911,-0.873
35.456,11.911,-0.873

35.456,11.911,-0.873
36.099,11.145,-0.873
36.099,11.145,-0.436
37.005,10.722,-0.436
37.005,10.722,-0.436

36.099,11.145,-1.309
36.099,11.145,-1.309

34.813,12.677,-0.437
35.719,12.254,-0.437
35.719,12.254,-0.873
35.719,12.254,-0.873

35.719,12.254,-0.437
35.719,12.254,-0.437

35.719,12.254,-0.437
36.625,11.831,-0.437
36.625,11.831,0.0
37.625,11.831,0.0
37.625,11.831,0.0

36.625,11.831,-0.873
36.625,11.831,-0.873

34.813,12.677,-0.437
35.719,12.254,-0.437
36.625,11.831,-0.437
36.625,11.831,0.0
37.625,11.831,0.0
38.625,11.83,0.0
39.625,11.83,0.0
39.625,11.83,-0.437
39.625,11.83,-0.437

39.625,11.83,-0.001
39.625,11.83,-0.001

39.625,11.83,-0.001
40.625,11.829,-0.001
40.625,11.829,0.436
41.532,12.251,0.436
41.532,12.251,0.436

40.625,11.829,-0.437
40.625,11.829,-0.437

36.625,11.831,-0.873
37.267,11.065,-0.873
37.267,11.065,-1.31
37.267,11.065,-1.31

37.267,11.065,-0.874
37.267,11.065,-0.874

37.267,11.065,-0.874
37.909,10.298,-0.874
37.909,10.298,-0.437
38.815,9.875,-0.437
38.815,9.875,-0.437

37.909,10.298,-1.31
37.909,10.298,-1.31

33.001,13.523,-0.001
34.001,13.522,-0.001
35.001,13.522,-0.001
35.001,13.522,-0.437
35.907,13.098,-0.437
35.907,13.098,-0.873
35.907,13.098,-0.873

35.907,13.098,-0.437
35.907,13.098,-0.437

35.907,13.098,-0.437
36.813,12.675,-0.437
36.813,12.675,0.0
37.813,12.675,0.0
37.813,12.675,0.0

36.813,12.675,-0.873
36.813,12.675,-0.873

35.001,13.522,-0.001
36.001,13.521,-0.001
36.001,13.521,-0.437
36.001,13.521,-0.437

36.001,13.521,-0.001
36.001,13.521,-0.001

36.001,13.521,-0.001
37.001,13.52,-0.001
37.001,13.52,0.436
37.908,13.942,0.436
37.908,13.942,0.436

37.001,13.52,-0.437
37.001,13.52,-0.437

35.001,13.522,-0.001
36.001,13.521,-0.001
37.001,13.521,-0.001
37.001,13.521,0.436
37.908,13.943,0.436
38.814,14.365,0.436
39.721,14.787,0.436
39.721,14.787,-0.001
39.721,14.787,-0.001

39.721,14.787,0.435
39.721,14.787,0.435

39.721,14.787,0.435
40.628,15.209,0.435
40.628,15.209,0.872
41.271,15.974,0.872
41.271,15.974,0.872

40.628,15.209,-0.001
40.628,15.209,-0.001

37.001,13.521,-0.437
37.907,13.097,-0.437
37.907,13.097,-0.874
37.907,13.097,-0.874

37.907,13.097,-0.438
37.907,13.097,-0.438

37.907,13.097,-0.438
38.813,12.673,-0.438
38.813,12.673,-0.001
39.813,12.672,-0.001
39.813,12.672,-0.001

38.813,12.673,-0.874
38.813,12.673,-0.874

33.001,13.523,-0.001
34.001,13.522,-0.001
35.001,13.522,-0.001
36.001,13.521,-0.001
37.001,13.52,-0.001
37.001,13.52,0.436
37.908,13.942,0.436
38.814,14.364,0.436
39.721,14.786,0.436
40.627,15.208,0.436
41.534,15.63,0.436
42.441,16.052,0.436
42.441,16.052,-0.001
43.441,16.052,-0.001
43.441,16.052,-0.437
43.441,16.052,-0.437

43.441,16.052,-0.001
43.441,16.052,-0.001

43.441,16.052,-0.001
44.441,16.051,-0.001
44.441,16.051,0.436
45.348,16.473,0.436
45.348,16.473,0.436

44.441,16.051,-0.437
44.441,16.051,-0.437

42.441,16.052,0.435
43.348,16.474,0.435
43.348,16.474,-0.001
43.348,16.474,-0.001

43.348,16.474,0.435
43.348,16.474,0.435

43.348,16.474,0.435
44.255,16.896,0.435
44.255,16.896,0.872
44.898,17.661,0.872
44.898,17.661,0.872

44.255,16.896,-0.001
44.255,16.896,-0.001

42.441,16.052,0.435
43.348,16.474,0.435
44.254,16.895,0.435
44.254,16.895,0.872
44.898,17.661,0.872
45.542,18.426,0.872
46.185,19.192,0.872
46.185,19.192,0.435
46.185,19.192,0.435

46.185,19.192,0.871
46.185,19.192,0.871

46.185,19.192,0.871
46.829,19.957,0.871
46.829,19.957,1.308
47.089,20.923,1.308
47.089,20.923,1.308

46.829,19.957,0.435
46.829,19.957,0.435

44.254,16.895,-0.001
45.254,16.894,-0.001
45.254,16.894,-0.438
45.254,16.894,-0.438

45.254,16.894,-0.002
45.254,16.894,-0.002

45.254,16.894,-0.002
46.254,16.892,-0.002
46.254,16.892,0.435
47.161,17.313,0.435
47.161,17.313,0.435

46.254,16.892,-0.438
46.254,16.892,-0.438

37.001,13.52,-0.437
37.907,13.096,-0.437
38.813,12.673,-0.437
38.813,12.673,-0.874
39.455,11.906,-0.874
39.455,11.906,-1.31
39.455,11.906,-1.31

39.455,11.906,-0.874
39.455,11.906,-0.874

39.455,11.906,-0.874
40.097,11.139,-0.874
40.097,11.139,-0.437
41.003,10.716,-0.437
41.003,10.716,-0.437

40.097,11.139,-1.31
40.097,11.139,-1.31

38.813,12.673,-0.438
39.719,12.249,-0.438
39.719,12.249,-0.874
39.719,12.249,-0.874

39.719,12.249,-0.438
39.719,12.249,-0.438

39.719,12.249,-0.438
40.625,11.825,-0.438
40.625,11.825,-0.001
41.625,11.824,-0.001
41.625,11.824,-0.001

40.625,11.825,-0.874
40.625,11.825,-0.874

38.813,12.673,-0.438
39.719,12.249,-0.438
40.624,11.825,-0.438
40.624,11.825,-0.001
41.624,11.824,-0.001
42.624,11.823,-0.001
43.624,11.821,-0.001
43.624,11.821,-0.438
43.624,11.821,-0.438

43.624,11.821,-0.002
43.624,11.821,-0.002

43.624,11.821,-0.002
44.624,11.819,-0.002
44.624,11.819,0.435
45.531,12.24,0.435
45.531,12.24,0.435

44.624,11.819,-0.438
44.624,11.819,-0.438

40.624,11.825,-0.874
41.266,11.058,-0.874
41.266,11.058,-1.311
41.266,11.058,-1.311

41.266,11.058,-0.875
41.266,11.058,-0.875

41.266,11.058,-0.875
41.907,10.291,-0.875
41.907,10.291,-0.438
42.813,9.866,-0.438
42.813,9.866,-0.438

41.907,10.291,-1.311
41.907,10.291,-1.311

14.501,6.762,0.436
15.407,7.185,0.436
16.314,7.607,0.436
17.22,8.03,0.436
18.126,8.452,0.436
19.033,8.875,0.436
19.939,9.298,0.436
20.845,9.72,0.436
21.751,10.143,0.436
22.658,10.566,0.436
23.564,10.988,0.436
24.47,11.411,0.436
25.377,11.833,0.436
26.283,12.256,0.436
27.189,12.679,0.436
28.096,13.101,0.436
29.002,13.524,0.436
29.002,13.524,0.873
29.645,14.29,0.873
30.287,15.056,0.873
30.93,15.822,0.873
31.573,16.588,0.873
32.216,17.354,0.873
32.859,18.12,0.873
33.501,18.886,0.873
34.144,19.652,0.873
34.787,20.418,0.873
35.43,21.184,0.873
36.073,21.95,0.873
36.715,22.716,0.873
37.358,23.482,0.873
38.001,24.249,0.873
38.644,25.015,0.873
39.287,25.781,0.873
39.929,26.547,0.873
40.572,27.313,0.873
41.215,28.079,0.873
41.858,28.845,0.873
42.5,29.611,0.873
43.143,30.377,0.873
43.786,31.143,0.873
44.429,31.909,0.873
44.429,31.909,0.436
45.335,32.332,0.436
46.241,32.754,0.436
47.148,33.177,0.436
48.054,33.599,0.436
48.054,33.599,0.0
49.054,33.599,0.0
50.054,33.599,0.0
50.054,33.599,-0.436
50.96,33.177,-0.436
50.96,33.177,-0.873
50.96,33.177,-0.873

50.96,33.177,-0.437
50.96,33.177,-0.437

50.96,33.177,-0.437
51.866,32.754,-0.437
51.866,32.754,0.0
52.866,32.754,0.0
52.866,32.754,0.0

51.866,32.754,-0.873
51.866,32.754,-0.873

50.054,33.599,0.0
51.054,33.599,0.0
51.054,33.599,-0.436
51.054,33.599,-0.436

51.054,33.599,0.0
51.054,33.599,0.0

51.054,33.599,0.0
52.054,33.599,0.0
52.054,33.599,0.437
52.96,34.022,0.437
52.96,34.022,0.437

52.054,33.599,-0.436
52.054,33.599,-0.436

50.054,33.599,0.0
51.054,33.599,0.0
52.054,33.6,0.0
52.054,33.6,0.437
52.96,34.023,0.437
53.866,34.446,0.437
54.773,34.868,0.437
54.773,34.868,0.0
54.773,34.868,0.0

54.773,34.868,0.436
54.773,34.868,0.436

54.773,34.868,0.436
55.679,35.291,0.436
55.679,35.291,0.873
56.322,36.057,0.873
56.322,36.057,0.873

55.679,35.291,0.0
55.679,35.291,0.0

52.054,33.6,-0.436
52.96,33.177,-0.436
52.96,33.177,-0.873
52.96,33.177,-0.873

52.96,33.177,-0.437
52.96,33.177,-0.437

52.96,33.177,-0.437
53.866,32.754,-0.437
53.866,32.754,0.0
54.866,32.754,0.0
54.866,32.754,0.0

53.866,32.754,-0.873
53.866,32.754,-0.873

48.054,33.599,0.436
48.96,34.022,0.436
49.867,34.444,0.436
49.867,34.444,0.0
50.867,34.444,0.0
50.867,34.444,-0.436
50.867,34.444,-0.436

50.867,34.444,0.0
50.867,34.444,0.0

50.867,34.444,0.0
51.867,34.444,0.0
51.867,34.444,0.437
52.773,34.867,0.437
52.773,34.867,0.437

51.867,34.444,-0.436
51.867,34.444,-0.436

49.867,34.444,0.436
50.773,34.867,0.436
50.773,34.867,0.0
50.773,34.867,0.0

50.773,34.867,0.436
50.773,34.867,0.436

50.773,34.867,0.436
51.679,35.29,0.436
51.679,35.29,0.873
52.322,36.056,0.873
52.322,36.056,0.873

51.679,35.29,0.0
51.679,35.29,0.0

49.867,34.444,0.436
50.773,34.867,0.436
51.68,35.289,0.436
51.68,35.289,0.873
52.322,36.055,0.873
52.965,36.821,0.873
53.608,37.587,0.873
53.608,37.587,0.436
53.608,37.587,0.436

53.608,37.587,0.872
53.608,37.587,0.872

53.608,37.587,0.872
54.251,38.353,0.872
54.251,38.353,1.309
54.51,39.319,1.309
54.51,39.319,1.309

54.251,38.353,0.436
54.251,38.353,0.436

51.68,35.289,0.0
52.68,35.289,0.0
52.68,35.289,-0.437
52.68,35.289,-0.437

52.68,35.289,-0.001
52.68,35.289,-0.001

52.68,35.289,-0.001
53.68,35.288,-0.001
53.68,35.288,0.436
54.587,35.71,0.436
54.587,35.71,0.436

53.68,35.288,-0.437
53.68,35.288,-0.437

48.054,33.599,0.436
48.96,34.022,0.436
49.867,34.444,0.436
50.773,34.867,0.436
51.679,35.289,0.436
51.679,35.289,0.873
52.322,36.056,0.873
52.965,36.822,0.873
53.608,37.588,0.873
54.25,38.354,0.873
54.893,39.12,0.873
55.536,39.886,0.873
55.536,39.886,0.436
56.442,40.308,0.436
56.442,40.308,0.0
56.442,40.308,0.0

56.442,40.308,0.436
56.442,40.308,0.436

56.442,40.308,0.436
57.348,40.731,0.436
57.348,40.731,0.873
57.991,41.497,0.873
57.991,41.497,0.873

57.348,40.731,0.0
57.348,40.731,0.0

55.536,39.886,0.872
56.179,40.652,0.872
56.179,40.652,0.436
56.179,40.652,0.436

56.179,40.652,0.872
56.179,40.652,0.872

56.179,40.652,0.872
56.822,41.418,0.872
56.822,41.418,1.309
57.081,42.384,1.309
57.081,42.384,1.309

56.822,41.418,0.436
56.822,41.418,0.436

55.536,39.886,0.872
56.179,40.652,0.872
56.822,41.418,0.872
56.822,41.418,1.309
57.081,42.384,1.309
57.34,43.349,1.309
57.6,44.315,1.309
57.6,44.315,0.872
57.6,44.315,0.872

57.6,44.315,1.308
57.6,44.315,1.308

57.6,44.315,1.308
57.859,45.281,1.308
57.859,45.281,1.745
57.686,46.266,1.745
57.686,46.266,1.745

57.859,45.281,0.872
57.859,45.281,0.872

56.822,41.418,0.436
57.729,41.84,0.436
57.729,41.84,-0.001
57.729,41.84,-0.001

57.729,41.84,0.435
57.729,41.84,0.435

57.729,41.84,0.435
58.636,42.262,0.435
58.636,42.262,0.872
59.279,43.027,0.872
59.279,43.027,0.872

58.636,42.262,-0.001
58.636,42.262,-0.001

51.679,35.289,0.0
52.679,35.289,0.0
53.679,35.288,0.0
53.679,35.288,-0.437
54.585,34.865,-0.437
54.585,34.865,-0.873
54.585,34.865,-0.873

54.585,34.865,-0.437
54.585,34.865,-0.437

54.585,34.865,-0.437
55.491,34.442,-0.437
55.491,34.442,0.0
56.491,34.442,0.0
56.491,34.442,0.0

55.491,34.442,-0.873
55.491,34.442,-0.873

53.679,35.288,-0.001
54.679,35.287,-0.001
54.679,35.287,-0.437
54.679,35.287,-0.437

54.679,35.287,-0.001
54.679,35.287,-0.001

54.679,35.287,-0.001
55.679,35.286,-0.001
55.679,35.286,0.436
56.586,35.708,0.436
56.586,35.708,0.436

55.679,35.286,-0.437
55.679,35.286,-0.437

53.679,35.288,-0.001
54.679,35.287,-0.001
55.679,35.287,-0.001
55.679,35.287,0.436
56.586,35.709,0.436
57.492,36.131,0.436
58.399,36.553,0.436
58.399,36.553,-0.001
58.399,36.553,-0.001

58.399,36.553,0.435
58.399,36.553,0.435

58.399,36.553,0.435
59.306,36.975,0.435
59.306,36.975,0.872
59.949,37.74,0.872
59.949,37.74,0.872

59.306,36.975,-0.001
59.306,36.975,-0.001

55.679,35.287,-0.437
56.585,34.863,-0.437
56.585,34.863,-0.874
56.585,34.863,-0.874

56.585,34.863,-0.438
56.585,34.863,-0.438

56.585,34.863,-0.438
57.491,34.439,-0.438
57.491,34.439,-0.001
58.491,34.438,-0.001
58.491,34.438,-0.001

57.491,34.439,-0.874
57.491,34.439,-0.874

44.429,31.909,0.872
45.072,32.675,0.872
45.715,33.441,0.872
46.358,34.206,0.872
47.001,34.972,0.872
47.001,34.972,0.436
47.908,35.395,0.436
48.814,35.817,0.436
48.814,35.817,0.0
49.814,35.817,0.0
49.814,35.817,-0.437
49.814,35.817,-0.437

49.814,35.817,-0.001
49.814,35.817,-0.001

49.814,35.817,-0.001
50.814,35.816,-0.001
50.814,35.816,0.436
51.721,36.238,0.436
51.721,36.238,0.436

50.814,35.816,-0.437
50.814,35.816,-0.437

48.814,35.817,0.436
49.72,36.24,0.436
49.72,36.24,0.0
49.72,36.24,0.0

49.72,36.24,0.436
49.72,36.24,0.436

49.72,36.24,0.436
50.626,36.663,0.436
50.626,36.663,0.873
51.269,37.429,0.873
51.269,37.429,0.873

50.626,36.663,0.0
50.626,36.663,0.0

48.814,35.817,0.436
49.72,36.24,0.436
50.627,36.662,0.436
50.627,36.662,0.873
51.269,37.428,0.873
51.912,38.194,0.873
52.555,38.96,0.873
52.555,38.96,0.436
52.555,38.96,0.436

52.555,38.96,0.872
52.555,38.96,0.872

52.555,38.96,0.872
53.198,39.726,0.872
53.198,39.726,1.309
53.457,40.692,1.309
53.457,40.692,1.309

53.198,39.726,0.436
53.198,39.726,0.436

50.627,36.662,0.0
51.627,36.662,0.0
51.627,36.662,-0.437
51.627,36.662,-0.437

51.627,36.662,-0.001
51.627,36.662,-0.001

51.627,36.662,-0.001
52.627,36.661,-0.001
52.627,36.661,0.436
53.534,37.083,0.436
53.534,37.083,0.436

52.627,36.661,-0.437
52.627,36.661,-0.437

47.001,34.972,0.872
47.644,35.738,0.872
48.287,36.504,0.872
48.287,36.504,0.436
49.194,36.926,0.436
49.194,36.926,0.0
49.194,36.926,0.0

49.194,36.926,0.436
49.194,36.926,0.436

49.194,36.926,0.436
50.1,37.349,0.436
50.1,37.349,0.873
50.743,38.115,0.873
50.743,38.115,0.873

50.1,37.349,0.0
50.1,37.349,0.0

48.287,36.504,0.872
48.93,37.27,0.872
48.93,37.27,0.436
48.93,37.27,0.436

48.93,37.27,0.872
48.93,37.27,0.872

48.93,37.27,0.872
49.573,38.036,0.872
49.573,38.036,1.309
49.832,39.002,1.309
49.832,39.002,1.309

49.573,38.036,0.436
49.573,38.036,0.436

48.287,36.504,0.872
48.93,37.27,0.872
49.573,38.036,0.872
49.573,38.036,1.309
49.832,39.002,1.309
50.091,39.967,1.309
50.351,40.933,1.309
50.351,40.933,0.872
50.351,40.933,0.872

50.351,40.933,1.308
50.351,40.933,1.308

50.351,40.933,1.308
50.61,41.899,1.308
50.61,41.899,1.745
50.437,42.884,1.745
50.437,42.884,1.745

50.61,41.899,0.872
50.61,41.899,0.872

49.573,38.036,0.436
50.48,38.458,0.436
50.48,38.458,-0.001
50.48,38.458,-0.001

50.48,38.458,0.435
50.48,38.458,0.435

50.48,38.458,0.435
51.387,38.88,0.435
51.387,38.88,0.872
52.03,39.645,0.872
52.03,39.645,0.872

51.387,38.88,-0.001
51.387,38.88,-0.001

47.001,34.972,0.872
47.644,35.738,0.872
48.287,36.504,0.872
48.93,37.269,0.872
49.573,38.035,0.872
49.573,38.035,1.309
49.832,39.001,1.309
50.091,39.967,1.309
50.351,40.933,1.309
50.61,41.899,1.309
50.869,42.865,1.309
51.128,43.83,1.309
51.128,43.83,0.872
51.771,44.596,0.872
51.771,44.596,0.436
51.771,44.596,0.436

51.771,44.596,0.872
51.771,44.596,0.872

51.771,44.596,0.872
52.414,45.362,0.872
52.414,45.362,1.309
52.673,46.328,1.309
52.673,46.328,1.309

52.414,45.362,0.436
52.414,45.362,0.436

51.128,43.83,1.308
51.387,44.796,1.308
51.387,44.796,0.872
51.387,44.796,0.872

51.387,44.796,1.308
51.387,44.796,1.308

51.387,44.796,1.308
51.646,45.762,1.308
51.646,45.762,1.745
51.473,46.747,1.745
51.473,46.747,1.745

51.646,45.762,0.872
51.646,45.762,0.872

51.128,43.83,1.308
51.387,44.796,1.308
51.647,45.762,1.308
51.647,45.762,1.745
51.474,46.746,1.745
51.301,47.731,1.745
51.128,48.716,1.745
51.128,48.716,1.308
51.128,48.716,1.308

51.128,48.716,1.744
51.128,48.716,1.744

51.128,48.716,1.744
50.955,49.701,1.744
50.955,49.701,2.181
50.383,50.521,2.181
50.383,50.521,2.181

50.955,49.701,1.308
50.955,49.701,1.308

51.647,45.762,0.872
52.291,46.527,0.872
52.291,46.527,0.435
52.291,46.527,0.435

52.291,46.527,0.871
52.291,46.527,0.871

52.291,46.527,0.871
52.935,47.292,0.871
52.935,47.292,1.308
53.195,48.258,1.308
53.195,48.258,1.308

52.935,47.292,0.435
52.935,47.292,0.435

49.573,38.035,0.436
50.48,38.457,0.436
51.386,38.879,0.436
51.386,38.879,-0.001
52.386,38.878,-0.001
52.386,38.878,-0.437
52.386,38.878,-0.437

52.386,38.878,-0.001
52.386,38.878,-0.001

52.386,38.878,-0.001
53.386,38.877,-0.001
53.386,38.877,0.436
54.293,39.299,0.436
54.293,39.299,0.436

53.386,38.877,-0.437
53.386,38.877,-0.437

51.386,38.879,0.435
52.293,39.301,0.435
52.293,39.301,-0.001
52.293,39.301,-0.001

52.293,39.301,0.435
52.293,39.301,0.435

52.293,39.301,0.435
53.2,39.723,0.435
53.2,39.723,0.872
53.843,40.488,0.872
53.843,40.488,0.872

53.2,39.723,-0.001
53.2,39.723,-0.001

51.386,38.879,0.435
52.293,39.301,0.435
53.199,39.722,0.435
53.199,39.722,0.872
53.843,40.488,0.872
54.487,41.253,0.872
55.13,42.019,0.872
55.13,42.019,0.435
55.13,42.019,0.435

55.13,42.019,0.871
55.13,42.019,0.871

55.13,42.019,0.871
55.774,42.784,0.871
55.774,42.784,1.308
56.034,43.75,1.308
56.034,43.75,1.308

55.774,42.784,0.435
55.774,42.784,0.435

53.199,39.722,-0.001
54.199,39.721,-0.001
54.199,39.721,-0.438
54.199,39.721,-0.438

54.199,39.721,-0.002
54.199,39.721,-0.002

54.199,39.721,-0.002
55.199,39.719,-0.002
55.199,39.719,0.435
56.106,40.14,0.435
56.106,40.14,0.435

55.199,39.719,-0.438
55.199,39.719,-0.438

44.429,31.909,0.872
45.072,32.675,0.872
45.715,33.441,0.872
46.358,34.206,0.872
47.001,34.972,0.872
47.644,35.738,0.872
48.287,36.504,0.872
48.93,37.27,0.872
49.573,38.036,0.872
49.573,38.036,1.309
49.832,39.001,1.309
50.092,39.967,1.309
50.351,40.933,1.309
50.61,41.899,1.309
50.869,42.865,1.309
51.128,43.831,1.309
51.387,44.797,1.309
51.646,45.762,1.309
51.906,46.728,1.309
52.165,47.694,1.309
52.424,48.66,1.309
52.683,49.626,1.309
52.683,49.626,0.872
53.326,50.392,0.872
53.969,51.157,0.872
53.969,51.157,0.436
54.876,51.58,0.436
54.876,51.58,0.0
54.876,51.58,0.0

54.876,51.58,0.436
54.876,51.58,0.436

54.876,51.58,0.436
55.782,52.003,0.436
55.782,52.003,0.873
56.425,52.769,0.873
56.425,52.769,0.873

55.782,52.003,0.0
55.782,52.003,0.0

53.969,51.157,0.872
54.612,51.923,0.872
54.612,51.923,0.436
54.612,51.923,0.436

54.612,51.923,0.872
54.612,51.923,0.872

54.612,51.923,0.872
55.255,52.689,0.872
55.255,52.689,1.309
55.514,53.655,1.309
55.514,53.655,1.309

55.255,52.689,0.436
55.255,52.689,0.436

53.969,51.157,0.872
54.612,51.923,0.872
55.255,52.689,0.872
55.255,52.689,1.309
55.514,53.655,1.309
55.773,54.62,1.309
56.033,55.586,1.309
56.033,55.586,0.872
56.033,55.586,0.872

56.033,55.586,1.308
56.033,55.586,1.308

56.033,55.586,1.308
56.292,56.552,1.308
56.292,56.552,1.745
56.119,57.537,1.745
56.119,57.537,1.745

56.292,56.552,0.872
56.292,56.552,0.872

55.255,52.689,0.436
56.162,53.111,0.436
56.162,53.111,-0.001
56.162,53.111,-0.001

56.162,53.111,0.435
56.162,53.111,0.435

56.162,53.111,0.435
57.069,53.533,0.435
57.069,53.533,0.872
57.712,54.298,0.872
57.712,54.298,0.872

57.069,53.533,-0.001
57.069,53.533,-0.001

52.683,49.626,1.308
52.942,50.592,1.308
53.202,51.558,1.308
53.202,51.558,0.872
53.845,52.323,0.872
53.845,52.323,0.436
53.845,52.323,0.436

53.845,52.323,0.872
53.845,52.323,0.872

53.845,52.323,0.872
54.488,53.089,0.872
54.488,53.089,1.309
54.747,54.055,1.309
54.747,54.055,1.309

54.488,53.089,0.436
54.488,53.089,0.436

53.202,51.558,1.308
53.461,52.524,1.308
53.461,52.524,0.872
53.461,52.524,0.872

53.461,52.524,1.308
53.461,52.524,1.308

53.461,52.524,1.308
53.72,53.49,1.308
53.72,53.49,1.745
53.547,54.475,1.745
53.547,54.475,1.745

53.72,53.49,0.872
53.72,53.49,0.872

53.202,51.558,1.308
53.461,52.524,1.308
53.721,53.49,1.308
53.721,53.49,1.745
53.548,54.474,1.745
53.375,55.459,1.745
53.202,56.444,1.745
53.202,56.444,1.308
53.202,56.444,1.308

53.202,56.444,1.744
53.202,56.444,1.744

53.202,56.444,1.744
53.029,57.429,1.744
53.029,57.429,2.181
52.457,58.249,2.181
52.457,58.249,2.181

53.029,57.429,1.308
53.029,57.429,1.308

53.721,53.49,0.872
54.365,54.255,0.872
54.365,54.255,0.435
54.365,54.255,0.435

54.365,54.255,0.871
54.365,54.255,0.871

54.365,54.255,0.871
55.009,55.02,0.871
55.009,55.02,1.308
55.269,55.986,1.308
55.269,55.986,1.308

55.009,55.02,0.435
55.009,55.02,0.435

52.683,49.626,1.308
52.942,50.592,1.308
53.202,51.558,1.308
53.461,52.523,1.308
53.721,53.489,1.308
53.721,53.489,1.745
53.548,54.474,1.745
53.375,55.459,1.745
53.202,56.444,1.745
53.029,57.429,1.745
52.856,58.414,1.745
52.683,59.399,1.745
52.683,59.399,1.308
52.942,60.364,1.308
52.942,60.364,0.872
52.942,60.364,0.872

52.942,60.364,1.308
52.942,60.364,1.308

52.942,60.364,1.308
53.201,61.33,1.308
53.201,61.33,1.745
53.028,62.315,1.745
53.028,62.315,1.745

53.201,61.33,0.872
53.201,61.33,0.872

52.683,59.399,1.744
52.51,60.384,1.744
52.51,60.384,1.308
52.51,60.384,1.308

52.51,60.384,1.744
52.51,60.384,1.744

52.51,60.384,1.744
52.337,61.369,1.744
52.337,61.369,2.181
51.765,62.189,2.181
51.765,62.189,2.181

52.337,61.369,1.308
52.337,61.369,1.308

52.683,59.399,1.744
52.51,60.384,1.744
52.338,61.369,1.744
52.338,61.369,2.181
51.765,62.189,2.181
51.192,63.008,2.181
50.619,63.828,2.181
50.619,63.828,1.744
50.619,63.828,1.744

50.619,63.828,2.18
50.619,63.828,2.18

50.619,63.828,2.18
50.047,64.648,2.18
50.047,64.648,2.617
49.181,65.149,2.617
49.181,65.149,2.617

50.047,64.648,1.744
50.047,64.648,1.744

52.338,61.369,1.308
52.598,62.335,1.308
52.598,62.335,0.871
52.598,62.335,0.871

52.598,62.335,1.307
52.598,62.335,1.307

52.598,62.335,1.307
52.858,63.3,1.307
52.858,63.3,1.744
52.686,64.286,1.744
52.686,64.286,1.744

52.858,63.3,0.871
52.858,63.3,0.871

53.721,53.489,0.872
54.365,54.254,0.872
55.008,55.02,0.872
55.008,55.02,0.435
55.915,55.442,0.435
55.915,55.442,-0.001
55.915,55.442,-0.001

55.915,55.442,0.435
55.915,55.442,0.435

55.915,55.442,0.435
56.822,55.864,0.435
56.822,55.864,0.872
57.465,56.629,0.872
57.465,56.629,0.872

56.822,55.864,-0.001
56.822,55.864,-0.001

55.008,55.02,0.871
55.652,55.785,0.871
55.652,55.785,0.435
55.652,55.785,0.435

55.652,55.785,0.871
55.652,55.785,0.871

55.652,55.785,0.871
56.296,56.55,0.871
56.296,56.55,1.308
56.556,57.516,1.308
56.556,57.516,1.308

56.296,56.55,0.435
56.296,56.55,0.435

55.008,55.02,0.871
55.652,55.785,0.871
56.296,56.55,0.871
56.296,56.55,1.308
56.556,57.516,1.308
56.816,58.482,1.308
57.076,59.447,1.308
57.076,59.447,0.871
57.076,59.447,0.871

57.076,59.447,1.307
57.076,59.447,1.307

57.076,59.447,1.307
57.336,60.412,1.307
57.336,60.412,1.744
57.164,61.398,1.744
57.164,61.398,1.744

57.336,60.412,0.871
57.336,60.412,0.871

56.296,56.55,0.435
57.203,56.971,0.435
57.203,56.971,-0.002
57.203,56.971,-0.002

57.203,56.971,0.434
57.203,56.971,0.434

57.203,56.971,0.434
58.11,57.392,0.434
58.11,57.392,0.871
58.754,58.157,0.871
58.754,58.157,0.871

58.11,57.392,-0.002
58.11,57.392,-0.002

49.573,38.036,0.436
50.48,38.458,0.436
51.386,38.88,0.436
52.293,39.302,0.436
53.199,39.724,0.436
53.199,39.724,-0.001
54.199,39.723,-0.001
55.199,39.723,-0.001
55.199,39.723,-0.437
56.105,39.3,-0.437
56.105,39.3,-0.873
56.105,39.3,-0.873

56.105,39.3,-0.437
56.105,39.3,-0.437

56.105,39.3,-0.437
57.011,38.877,-0.437
57.011,38.877,0.0
58.011,38.877,0.0
58.011,38.877,0.0

57.011,38.877,-0.873
57.011,38.877,-0.873

55.199,39.723,-0.001
56.199,39.722,-0.001
56.199,39.722,-0.437
56.199,39.722,-0.437

56.199,39.722,-0.001
56.199,39.722,-0.001

56.199,39.722,-0.001
57.199,39.721,-0.001
57.199,39.721,0.436
58.106,40.143,0.436
58.106,40.143,0.436

57.199,39.721,-0.437
57.199,39.721,-0.437

55.199,39.723,-0.001
56.199,39.722,-0.001
57.199,39.722,-0.001
57.199,39.722,0.436
58.106,40.144,0.436
59.012,40.566,0.436
59.919,40.988,0.436
59.919,40.988,-0.001
59.919,40.988,-0.001

59.919,40.988,0.435
59.919,40.988,0.435

59.919,40.988,0.435
60.826,41.41,0.435
60.826,41.41,0.872
61.469,42.175,0.872
61.469,42.175,0.872

60.826,41.41,-0.001
60.826,41.41,-0.001

57.199,39.722,-0.437
58.105,39.298,-0.437
58.105,39.298,-0.874
58.105,39.298,-0.874

58.105,39.298,-0.438
58.105,39.298,-0.438

58.105,39.298,-0.438
59.011,38.874,-0.438
59.011,38.874,-0.001
60.011,38.873,-0.001
60.011,38.873,-0.001

59.011,38.874,-0.874
59.011,38.874,-0.874

53.199,39.724,0.435
54.106,40.146,0.435
55.012,40.567,0.435
55.012,40.567,-0.001
56.012,40.566,-0.001
56.012,40.566,-0.437
56.012,40.566,-0.437

56.012,40.566,-0.001
56.012,40.566,-0.001

56.012,40.566,-0.001
57.012,40.565,-0.001
57.012,40.565,0.436
57.919,40.987,0.436
57.919,40.987,0.436

57.012,40.565,-0.437
57.012,40.565,-0.437

55.012,40.567,0.435
55.919,40.989,0.435
55.919,40.989,-0.001
55.919,40.989,-0.001

55.919,40.989,0.435
55.919,40.989,0.435

55.919,40.989,0.435
56.826,41.411,0.435
56.826,41.411,0.872
57.469,42.176,0.872
57.469,42.176,0.872

56.826,41.411,-0.001
56.826,41.411,-0.001

55.012,40.567,0.435
55.919,40.989,0.435
56.825,41.41,0.435
56.825,41.41,0.872
57.469,42.176,0.872
58.113,42.941,0.872
58.756,43.707,0.872
58.756,43.707,0.435
58.756,43.707,0.435

58.756,43.707,0.871
58.756,43.707,0.871

58.756,43.707,0.871
59.4,44.472,0.871
59.4,44.472,1.308
59.66,45.438,1.308
59.66,45.438,1.308

59.4,44.472,0.435
59.4,44.472,0.435

56.825,41.41,-0.001
57.825,41.409,-0.001
57.825,41.409,-0.438
57.825,41.409,-0.438

57.825,41.409,-0.002
57.825,41.409,-0.002

57.825,41.409,-0.002
58.825,41.407,-0.002
58.825,41.407,0.435
59.732,41.828,0.435
59.732,41.828,0.435

58.825,41.407,-0.438
58.825,41.407,-0.438

53.199,39.724,0.435
54.106,40.146,0.435
55.012,40.567,0.435
55.919,40.989,0.435
56.826,41.411,0.435
56.826,41.411,0.872
57.469,42.176,0.872
58.113,42.942,0.872
58.757,43.707,0.872
59.4,44.472,0.872
60.044,45.238,0.872
60.687,46.003,0.872
60.687,46.003,0.435
61.594,46.425,0.435
61.594,46.425,-0.001
61.594,46.425,-0.001

61.594,46.425,0.435
61.594,46.425,0.435

61.594,46.425,0.435
62.501,46.847,0.435
62.501,46.847,0.872
63.144,47.612,0.872
63.144,47.612,0.872

62.501,46.847,-0.001
62.501,46.847,-0.001

60.687,46.003,0.871
61.331,46.768,0.871
61.331,46.768,0.435
61.331,46.768,0.435

61.331,46.768,0.871
61.331,46.768,0.871

61.331,46.768,0.871
61.975,47.533,0.871
61.975,47.533,1.308
62.235,48.499,1.308
62.235,48.499,1.308

61.975,47.533,0.435
61.975,47.533,0.435

60.687,46.003,0.871
61.331,46.768,0.871
61.975,47.533,0.871
61.975,47.533,1.308
62.235,48.499,1.308
62.495,49.465,1.308
62.755,50.43,1.308
62.755,50.43,0.871
62.755,50.43,0.871

62.755,50.43,1.307
62.755,50.43,1.307

62.755,50.43,1.307
63.015,51.395,1.307
63.015,51.395,1.744
62.843,52.381,1.744
62.843,52.381,1.744

63.015,51.395,0.871
63.015,51.395,0.871

61.975,47.533,0.435
62.882,47.954,0.435
62.882,47.954,-0.002
62.882,47.954,-0.002

62.882,47.954,0.434
62.882,47.954,0.434

62.882,47.954,0.434
63.789,48.375,0.434
63.789,48.375,0.871
64.433,49.14,0.871
64.433,49.14,0.871

63.789,48.375,-0.002
63.789,48.375,-0.002

56.826,41.411,-0.001
57.826,41.41,-0.001
58.826,41.408,-0.001
58.826,41.408,-0.438
59.732,40.985,-0.438
59.732,40.985,-0.874
59.732,40.985,-0.874

59.732,40.985,-0.438
59.732,40.985,-0.438

59.732,40.985,-0.438
60.638,40.561,-0.438
60.638,40.561,-0.001
61.638,40.56,-0.001
61.638,40.56,-0.001

60.638,40.561,-0.874
60.638,40.561,-0.874

58.826,41.408,-0.002
59.826,41.406,-0.002
59.826,41.406,-0.438
59.826,41.406,-0.438

59.826,41.406,-0.002
59.826,41.406,-0.002

59.826,41.406,-0.002
60.826,41.404,-0.002
60.826,41.404,0.435
61.733,41.825,0.435
61.733,41.825,0.435

60.826,41.404,-0.438
60.826,41.404,-0.438

58.826,41.408,-0.002
59.826,41.406,-0.002
60.826,41.405,-0.002
60.826,41.405,0.435
61.733,41.826,0.435
62.64,42.247,0.435
63.547,42.668,0.435
63.547,42.668,-0.002
63.547,42.668,-0.002

63.547,42.668,0.434
63.547,42.668,0.434

63.547,42.668,0.434
64.454,43.089,0.434
64.454,43.089,0.871
65.098,43.854,0.871
65.098,43.854,0.871

64.454,43.089,-0.002
64.454,43.089,-0.002

60.826,41.405,-0.438
61.731,40.981,-0.438
61.731,40.981,-0.875
61.731,40.981,-0.875

61.731,40.981,-0.439
61.731,40.981,-0.439

61.731,40.981,-0.439
62.636,40.556,-0.439
62.636,40.556,-0.002
63.636,40.554,-0.002
63.636,40.554,-0.002

62.636,40.556,-0.875
62.636,40.556,-0.875

29.002,13.524,0.0
30.002,13.524,0.0
31.002,13.523,0.0
32.002,13.523,0.0
33.002,13.523,0.0
34.002,13.522,0.0
35.002,13.522,0.0
36.002,13.522,0.0
37.002,13.521,0.0
37.002,13.521,-0.437
37.908,13.098,-0.437
38.814,12.676,-0.437
39.721,12.253,-0.437
40.627,11.83,-0.437
40.627,11.83,-0.873
41.269,11.063,-0.873
41.912,10.297,-0.873
41.912,10.297,-1.309
42.17,9.331,-1.309
42.17,9.331,-1.746
42.17,9.331,-1.746

42.17,9.331,-1.31
42.17,9.331,-1.31

42.17,9.331,-1.31
42.428,8.365,-1.31
42.428,8.365,-0.873
43.07,7.598,-0.873
43.07,7.598,-0.873

42.428,8.365,-1.746
42.428,8.365,-1.746

41.912,10.297,-0.873
42.555,9.531,-0.873
42.555,9.531,-1.309
42.555,9.531,-1.309

42.555,9.531,-0.873
42.555,9.531,-0.873

42.555,9.531,-0.873
43.198,8.765,-0.873
43.198,8.765,-0.436
44.104,8.342,-0.436
44.104,8.342,-0.436

43.198,8.765,-1.309
43.198,8.765,-1.309

41.912,10.297,-0.873
42.555,9.531,-0.873
43.198,8.765,-0.873
43.198,8.765,-0.436
44.104,8.342,-0.436
45.01,7.92,-0.436
45.916,7.497,-0.436
45.916,7.497,-0.873
45.916,7.497,-0.873

45.916,7.497,-0.437
45.916,7.497,-0.437

45.916,7.497,-0.437
46.822,7.074,-0.437
46.822,7.074,0.0
47.822,7.074,0.0
47.822,7.074,0.0

46.822,7.074,-0.873
46.822,7.074,-0.873

43.198,8.765,-1.309
43.456,7.799,-1.309
43.456,7.799,-1.746
43.456,7.799,-1.746

43.456,7.799,-1.31
43.456,7.799,-1.31

43.456,7.799,-1.31
43.714,6.833,-1.31
43.714,6.833,-0.873
44.356,6.066,-0.873
44.356,6.066,-0.873

43.714,6.833,-1.746
43.714,6.833,-1.746

40.627,11.83,-0.437
41.533,11.407,-0.437
42.439,10.984,-0.437
42.439,10.984,-0.873
43.082,10.218,-0.873
43.082,10.218,-1.309
43.082,10.218,-1.309

43.082,10.218,-0.873
43.082,10.218,-0.873

43.082,10.218,-0.873
43.725,9.452,-0.873
43.725,9.452,-0.436
44.631,9.029,-0.436
44.631,9.029,-0.436

43.725,9.452,-1.309
43.725,9.452,-1.309

42.439,10.984,-0.437
43.345,10.561,-0.437
43.345,10.561,-0.873
43.345,10.561,-0.873

43.345,10.561,-0.437
43.345,10.561,-0.437

43.345,10.561,-0.437
44.251,10.138,-0.437
44.251,10.138,0.0
45.251,10.138,0.0
45.251,10.138,0.0

44.251,10.138,-0.873
44.251,10.138,-0.873

42.439,10.984,-0.437
43.345,10.561,-0.437
44.251,10.138,-0.437
44.251,10.138,0.0
45.251,10.138,0.0
46.251,10.137,0.0
47.251,10.137,0.0
47.251,10.137,-0.437
47.251,10.137,-0.437

47.251,10.137,-0.001
47.251,10.137,-0.001

47.251,10.137,-0.001
48.251,10.136,-0.001
48.251,10.136,0.436
49.158,10.558,0.436
49.158,10.558,0.436

48.251,10.136,-0.437
48.251,10.136,-0.437

44.251,10.138,-0.873
44.893,9.372,-0.873
44.893,9.372,-1.31
44.893,9.372,-1.31

44.893,9.372,-0.874
44.893,9.372,-0.874

44.893,9.372,-0.874
45.535,8.605,-0.874
45.535,8.605,-0.437
46.441,8.182,-0.437
46.441,8.182,-0.437

45.535,8.605,-1.31
45.535,8.605,-1.31

40.627,11.83,-0.437
41.533,11.407,-0.437
42.439,10.984,-0.437
43.345,10.561,-0.437
44.252,10.138,-0.437
44.252,10.138,0.0
45.252,10.138,0.0
46.252,10.138,0.0
47.252,10.137,0.0
48.252,10.137,0.0
49.252,10.137,0.0
50.252,10.136,0.0
50.252,10.136,-0.437
51.158,9.713,-0.437
51.158,9.713,-0.873
51.158,9.713,-0.873

51.158,9.713,-0.437
51.158,9.713,-0.437

51.158,9.713,-0.437
52.064,9.29,-0.437
52.064,9.29,0.0
53.064,9.29,0.0
53.064,9.29,0.0

52.064,9.29,-0.873
52.064,9.29,-0.873

50.252,10.136,-0.001
51.252,10.135,-0.001
51.252,10.135,-0.437
51.252,10.135,-0.437

51.252,10.135,-0.001
51.252,10.135,-0.001

51.252,10.135,-0.001
52.252,10.134,-0.001
52.252,10.134,0.436
53.159,10.556,0.436
53.159,10.556,0.436

52.252,10.134,-0.437
52.252,10.134,-0.437

50.252,10.136,-0.001
51.252,10.135,-0.001
52.252,10.135,-0.001
52.252,10.135,0.436
53.159,10.557,0.436
54.065,10.979,0.436
54.972,11.401,0.436
54.972,11.401,-0.001
54.972,11.401,-0.001

54.972,11.401,0.435
54.972,11.401,0.435

54.972,11.401,0.435
55.879,11.823,0.435
55.879,11.823,0.872
56.522,12.588,0.872
56.522,12.588,0.872

55.879,11.823,-0.001
55.879,11.823,-0.001

52.252,10.135,-0.437
53.158,9.711,-0.437
53.158,9.711,-0.874
53.158,9.711,-0.874

53.158,9.711,-0.438
53.158,9.711,-0.438

53.158,9.711,-0.438
54.064,9.287,-0.438
54.064,9.287,-0.001
55.064,9.286,-0.001
55.064,9.286,-0.001

54.064,9.287,-0.874
54.064,9.287,-0.874

44.252,10.138,-0.873
44.894,9.372,-0.873
45.537,8.605,-0.873
45.537,8.605,-1.31
45.795,7.639,-1.31
45.795,7.639,-1.746
45.795,7.639,-1.746

45.795,7.639,-1.31
45.795,7.639,-1.31

45.795,7.639,-1.31
46.053,6.673,-1.31
46.053,6.673,-0.873
46.695,5.906,-0.873
46.695,5.906,-0.873

46.053,6.673,-1.746
46.053,6.673,-1.746

45.537,8.605,-0.874
46.179,7.838,-0.874
46.179,7.838,-1.31
46.179,7.838,-1.31

46.179,7.838,-0.874
46.179,7.838,-0.874

46.179,7.838,-0.874
46.821,7.071,-0.874
46.821,7.071,-0.437
47.727,6.648,-0.437
47.727,6.648,-0.437

46.821,7.071,-1.31
46.821,7.071,-1.31

45.537,8.605,-0.874
46.179,7.838,-0.874
46.821,7.072,-0.874
46.821,7.072,-0.437
47.727,6.648,-0.437
48.633,6.225,-0.437
49.539,5.801,-0.437
49.539,5.801,-0.874
49.539,5.801,-0.874

49.539,5.801,-0.438
49.539,5.801,-0.438

49.539,5.801,-0.438
50.445,5.377,-0.438
50.445,5.377,-0.001
51.445,5.376,-0.001
51.445,5.376,-0.001

50.445,5.377,-0.874
50.445,5.377,-0.874

46.821,7.072,-1.31
47.079,6.106,-1.31
47.079,6.106,-1.747
47.079,6.106,-1.747

47.079,6.106,-1.311
47.079,6.106,-1.311

47.079,6.106,-1.311
47.336,5.14,-1.311
47.336,5.14,-0.874
47.978,4.373,-0.874
47.978,4.373,-0.874

47.336,5.14,-1.747
47.336,5.14,-1.747

37.002,13.521,-0.001
38.002,13.52,-0.001
39.002,13.52,-0.001
40.002,13.519,-0.001
41.002,13.518,-0.001
41.002,13.518,-0.437
41.908,13.095,-0.437
42.814,12.672,-0.437
42.814,12.672,-0.873
43.456,11.905,-0.873
43.456,11.905,-1.31
43.456,11.905,-1.31

43.456,11.905,-0.874
43.456,11.905,-0.874

43.456,11.905,-0.874
44.098,11.138,-0.874
44.098,11.138,-0.437
45.004,10.715,-0.437
45.004,10.715,-0.437

44.098,11.138,-1.31
44.098,11.138,-1.31

42.814,12.672,-0.437
43.72,12.249,-0.437
43.72,12.249,-0.873
43.72,12.249,-0.873

43.72,12.249,-0.437
43.72,12.249,-0.437

43.72,12.249,-0.437
44.626,11.826,-0.437
44.626,11.826,0.0
45.626,11.826,0.0
45.626,11.826,0.0

44.626,11.826,-0.873
44.626,11.826,-0.873

42.814,12.672,-0.437
43.72,12.249,-0.437
44.626,11.826,-0.437
44.626,11.826,0.0
45.626,11.826,0.0
46.626,11.825,0.0
47.626,11.825,0.0
47.626,11.825,-0.437
47.626,11.825,-0.437

47.626,11.825,